[gd_scene load_steps=16 format=3 uid="uid://dup2jh8uleo3l"]

[ext_resource type="Script" uid="uid://dc7w7oe3lm0eu" path="res://scripts/player.gd" id="1_u2qrv"]
[ext_resource type="Script" uid="uid://cfgvniwyo5waf" path="res://addons/netfox/rollback/rollback-synchronizer.gd" id="2_ktqdq"]
[ext_resource type="PackedScene" uid="uid://bnpcdhkiv5rja" path="res://assets/characters/x_bot/x_bot.tscn" id="2_xfltk"]
[ext_resource type="Script" uid="uid://btck2pi5uy6xp" path="res://addons/netfox.extras/state-machine/rewindable-state-machine.gd" id="3_lo6j0"]
[ext_resource type="Script" uid="uid://cgycqse80cops" path="res://addons/netfox/tick-interpolator.gd" id="4_a47yd"]
[ext_resource type="PackedScene" uid="uid://l1d8hwvn7hbq" path="res://scenes/player/camera_input.tscn" id="4_g37aj"]
[ext_resource type="Script" uid="uid://bbhybl3bvg0b6" path="res://scripts/states/movement/idle_state.gd" id="5_4l86x"]
[ext_resource type="Script" uid="uid://btj80uq43ccmt" path="res://scripts/states/movement/jump_state.gd" id="6_a47yd"]
[ext_resource type="Script" uid="uid://8ympfbj5i4hc" path="res://scripts/states/movement/fall_state.gd" id="8_4l86x"]
[ext_resource type="Script" uid="uid://dlfbk4aggn6u1" path="res://scripts/states/movement/move_state.gd" id="8_a47yd"]
[ext_resource type="Script" uid="uid://5oxt7p6a1uo8" path="res://scripts/player_input.gd" id="10_kusnb"]
[ext_resource type="PackedScene" uid="uid://btdemgg0e0b4o" path="res://scenes/player/player_ui.tscn" id="12_ua4at"]
[ext_resource type="PackedScene" uid="uid://cf6jco7ctb45m" path="res://weapons_manager.tscn" id="13_nrabn"]

[sub_resource type="CapsuleShape3D" id="CapsuleShape3D_y8poy"]

[sub_resource type="SceneReplicationConfig" id="SceneReplicationConfig_nrabn"]
properties/0/path = NodePath("x_bot/AnimationPlayer:active")
properties/0/spawn = true
properties/0/replication_mode = 2
properties/1/path = NodePath("x_bot/Armature/GeneralSkeleton/PhysicalBoneSimulator3D:active")
properties/1/spawn = true
properties/1/replication_mode = 2

[node name="PlayerRootMotion" type="CharacterBody3D" node_paths=PackedStringArray("_player_input", "_camera_input", "_player_model", "_state_machine", "skeleton", "bones", "weapons_manager", "WeaponPivot")]
script = ExtResource("1_u2qrv")
_player_input = NodePath("PlayerInput")
_camera_input = NodePath("CameraInput")
_player_model = NodePath("x_bot")
_state_machine = NodePath("RewindableStateMachine")
skeleton = NodePath("x_bot/Armature/GeneralSkeleton")
bones = NodePath("x_bot/Armature/GeneralSkeleton/PhysicalBoneSimulator3D")
weapons_manager = NodePath("RightHandBoneAttachment/WeaponPivot/WeaponsManager")
WeaponPivot = NodePath("RightHandBoneAttachment/WeaponPivot")

[node name="x_bot" parent="." instance=ExtResource("2_xfltk")]

[node name="GeneralSkeleton" parent="x_bot/Armature" index="0"]
bones/1/position = Vector3(-3.82272e-12, 0.845192, -4.47035e-08)
bones/1/rotation = Quaternion(0.0529427, -0.0607965, 0.0108352, 0.996686)
bones/2/rotation = Quaternion(0.0800452, -0.0551622, -0.0103567, 0.99521)
bones/3/rotation = Quaternion(0.0294039, -0.0167521, 0.00345828, 0.999421)
bones/4/rotation = Quaternion(0.0294095, -0.0168111, 0.00332589, 0.999421)
bones/5/rotation = Quaternion(0.0489087, 0.0257964, 0.0146493, 0.998363)
bones/6/rotation = Quaternion(-0.0192663, 0.111967, 0.11747, 0.986556)
bones/8/rotation = Quaternion(0.48441, -0.508644, -0.52824, -0.477065)
bones/9/rotation = Quaternion(-0.496013, 0.70888, -0.479439, -0.146968)
bones/10/rotation = Quaternion(0.568216, 0.420869, -0.568216, 0.420869)
bones/11/rotation = Quaternion(-0.393937, -0.537056, 0.123075, 0.735689)
bones/12/rotation = Quaternion(-0.10346, -0.706017, -0.256736, 0.651861)
bones/13/rotation = Quaternion(0.123256, -0.275828, 0.0296182, 0.952811)
bones/14/rotation = Quaternion(0.403589, -0.239514, 0.140087, 0.871851)
bones/15/scale = Vector3(1.00058, 1.00049, 1.00015)
bones/16/rotation = Quaternion(0.110218, 0.00640533, -0.0145466, 0.99378)
bones/17/rotation = Quaternion(0.28295, 5.21541e-05, 0.0230515, 0.958858)
bones/18/rotation = Quaternion(0.2567, 1.59442e-06, 0.020913, 0.966265)
bones/20/rotation = Quaternion(0.434315, 9.03126e-05, 0.0694553, 0.898079)
bones/21/rotation = Quaternion(0.819345, 0.000570828, 0.0667509, 0.569401)
bones/22/rotation = Quaternion(0.163291, 8.53706e-06, 0.0133033, 0.986488)
bones/24/rotation = Quaternion(0.477948, 0.0366424, 0.00611509, 0.877602)
bones/25/rotation = Quaternion(0.760971, -9.95958e-05, 0.0619951, 0.645817)
bones/26/rotation = Quaternion(0.424966, -0.000151366, 0.0346213, 0.904547)
bones/28/rotation = Quaternion(0.534557, 0.045158, 0.00613784, 0.843903)
bones/29/rotation = Quaternion(0.657853, 0.00179785, 0.0535944, 0.751235)
bones/30/rotation = Quaternion(0.497133, 0.000864029, 0.0405008, 0.866728)
bones/32/rotation = Quaternion(0.316389, 0.647574, 0.536433, -0.439074)
bones/33/rotation = Quaternion(0.385422, 0.731297, -0.253231, 0.502523)
bones/34/rotation = Quaternion(0.237988, -0.665855, 0.237988, 0.665854)
bones/35/rotation = Quaternion(-0.131359, -0.332739, -0.145414, 0.922434)
bones/36/rotation = Quaternion(-0.168748, 0.724367, 0.145781, 0.652353)
bones/37/rotation = Quaternion(-0.02386, 0.173514, 0.045911, 0.983471)
bones/38/rotation = Quaternion(-0.0838101, -0.0232007, -0.0365109, 0.995542)
bones/39/scale = Vector3(1.00058, 1.00049, 1.00015)
bones/40/rotation = Quaternion(0.31401, -0.0125743, -0.0318396, 0.948802)
bones/41/rotation = Quaternion(0.499459, 6.09707e-05, -0.0511831, 0.864824)
bones/42/rotation = Quaternion(0.209071, -2.11371e-06, -0.0214249, 0.977666)
bones/44/rotation = Quaternion(0.439899, -0.0181039, -0.0443572, 0.896769)
bones/45/rotation = Quaternion(0.535883, -1.0794e-05, -0.0549157, 0.842504)
bones/46/rotation = Quaternion(0.155083, 2.84874e-06, -0.0158922, 0.987774)
bones/48/rotation = Quaternion(0.50685, -0.0259734, -0.0426671, 0.860586)
bones/49/rotation = Quaternion(0.586312, 7.6243e-06, -0.0600835, 0.807854)
bones/50/rotation = Quaternion(0.22264, 2.44379e-06, -0.0228153, 0.974634)
bones/52/rotation = Quaternion(0.591203, -0.0671523, 0.00196879, 0.80372)
bones/53/rotation = Quaternion(0.529244, 0.00194002, -0.0542355, 0.846732)
bones/54/rotation = Quaternion(0.122683, 0.000433574, -0.0125723, 0.992366)
bones/56/rotation = Quaternion(0.0750157, 0.450702, 0.889479, -0.00827691)
bones/57/rotation = Quaternion(0.0137201, 0.658768, -0.752221, 0.000748115)
bones/58/rotation = Quaternion(-0.100535, 0.686541, -0.704603, -0.148624)
bones/59/rotation = Quaternion(3.60739e-08, 0.999704, 0.0243393, 1.97677e-08)
bones/61/rotation = Quaternion(0.0701552, 0.311335, 0.946054, 0.0559596)
bones/62/rotation = Quaternion(-0.00332202, 0.808601, -0.585739, 0.055343)
bones/63/rotation = Quaternion(0.0924758, 0.465513, -0.878411, 0.0560296)
bones/64/rotation = Quaternion(0.000193241, 0.995606, 0.0936207, 0.00175069)

[node name="Physical Bone Root" parent="x_bot/Armature/GeneralSkeleton/PhysicalBoneSimulator3D" index="0"]
transform = Transform3D(-1, 4.97099e-06, 7.40968e-08, 0, 0.0149042, -0.999889, -4.97154e-06, -0.999889, -0.0149042, -3.86365e-08, 0.521374, 0.00777153)
joint_offset = Transform3D(1, 0, 0, 0, 1, 0, 0, 0, 1, -2.4869e-14, 5.58794e-09, 0.521432)
body_offset = Transform3D(-1, 4.97099e-06, 7.40968e-08, 0, 0.0149042, -0.999889, -4.97154e-06, -0.999889, -0.0149042, -3.86365e-08, 0.521374, 0.00777153)

[node name="Physical Bone Hips" parent="x_bot/Armature/GeneralSkeleton/PhysicalBoneSimulator3D" index="1"]
transform = Transform3D(-0.970455, 0.240958, -0.0125208, 0.0558426, 0.173816, -0.983194, -0.234732, -0.954844, -0.182136, 0.000637504, 0.898223, 0.00927324)
joint_offset = Transform3D(1, 0, 0, 0, 1, 0, 0, 0, 1, -9.63289e-09, -9.65083e-08, 0.0509143)
body_offset = Transform3D(-1, 3.90708e-05, 4.69387e-07, 3.35276e-08, 0.0129172, -0.999916, -3.90708e-05, -0.999917, -0.0129172, -3.35276e-08, 0.0509101, 0.000657573)

[node name="CollisionShape3D" parent="x_bot/Armature/GeneralSkeleton/PhysicalBoneSimulator3D/Physical Bone Hips" index="0"]
transform = Transform3D(1, 1.86265e-09, 0, 0, 1.49012e-08, 1, 0, -1, 0, 0, 0, 0)

[node name="Physical Bone Spine" parent="x_bot/Armature/GeneralSkeleton/PhysicalBoneSimulator3D" index="2"]
transform = Transform3D(0.952855, -0.301731, 0.0320148, -0.0198277, -0.167204, -0.985723, 0.302777, 0.938617, -0.165303, -0.000325967, 0.997576, 0.0268123)
joint_type = 3
joint_offset = Transform3D(1, 0, 0, 0, 1, 0, 0, 0, 1, 2.90576e-08, 8.90344e-07, 0.0500129)
body_offset = Transform3D(1, -5.96046e-08, -2.23517e-08, -2.23517e-08, 0.147032, -0.989132, 2.98023e-08, 0.989132, 0.147032, -2.79397e-08, 0.0494692, -0.00735438)
joint_constraints/angular_limit_enabled = false
joint_constraints/angular_limit_upper = 90.0
joint_constraints/angular_limit_lower = -90.0
joint_constraints/angular_limit_bias = 0.3
joint_constraints/angular_limit_softness = 0.9
joint_constraints/angular_limit_relaxation = 1.0

[node name="Physical Bone Chest" parent="x_bot/Armature/GeneralSkeleton/PhysicalBoneSimulator3D" index="3"]
transform = Transform3D(0.947836, -0.315423, 0.0459947, -0.0274191, -0.224436, -0.974103, 0.317577, 0.922029, -0.221377, -0.00407167, 1.09228, 0.0454006)
joint_offset = Transform3D(1, 0, 0, 0, 1, 0, 0, 0, 1, -1.12714e-08, -1.09198e-06, 0.0466127)
body_offset = Transform3D(1, -5.96046e-07, 8.19564e-08, 1.56462e-07, 0.147032, -0.989132, 5.96046e-07, 0.989132, 0.147032, 7.45058e-09, 0.0461063, -0.00685248)

[node name="Physical Bone UpperChest" parent="x_bot/Armature/GeneralSkeleton/PhysicalBoneSimulator3D" index="4"]
transform = Transform3D(0.942577, -0.326785, 0.068987, -0.0361731, -0.305226, -0.951593, 0.332023, 0.894454, -0.29952, -0.0120324, 1.21793, 0.080975)
joint_offset = Transform3D(1, 0, 0, 0, 1, 0, 0, 0, 1, -8.81504e-08, 6.33299e-08, 0.0843263)
body_offset = Transform3D(1, -8.34465e-07, -1.49012e-08, 1.04308e-07, 0.121494, -0.992592, 8.04663e-07, 0.992592, 0.121494, 8.9407e-08, 0.0837016, -0.0102452)

[node name="Physical Bone Neck" parent="x_bot/Armature/GeneralSkeleton/PhysicalBoneSimulator3D" index="5"]
transform = Transform3D(-0.957126, 0.216268, 0.192713, -0.0143071, 0.629174, -0.777133, -0.289319, -0.746571, -0.599104, -0.0272581, 1.33611, 0.135481)
joint_offset = Transform3D(1, 0, 0, 0, 1, 0, 0, 0, 1, 4.05147e-08, 1.19954e-06, 0.0488186)
body_offset = Transform3D(-1, -8.9407e-08, -2.38419e-07, 1.93715e-07, 0.172568, -0.984998, 5.96046e-08, -0.984998, -0.172568, 5.21541e-08, 0.048086, 0.00842571)

[node name="Physical Bone Head" parent="x_bot/Armature/GeneralSkeleton/PhysicalBoneSimulator3D" index="6"]
transform = Transform3D(-0.937691, -0.129004, 0.322637, -0.325159, 0.653148, -0.683864, -0.122508, -0.746161, -0.654398, -0.0742207, 1.45365, 0.240897)
joint_offset = Transform3D(1, 0, 0, 0, 1, 0, 0, 0, 1, -1.90637e-07, -3.02866e-06, 0.116394)
body_offset = Transform3D(-1, -1.56462e-07, -3.57628e-07, 2.27243e-07, 0.322225, -0.946663, 2.45869e-07, -0.946663, -0.322225, -1.49012e-07, 0.110187, 0.0375022)

[node name="Physical Bone RightShoulder" parent="x_bot/Armature/GeneralSkeleton/PhysicalBoneSimulator3D" index="7"]
transform = Transform3D(-0.0858825, -0.456062, 0.885794, 0.976575, -0.214595, -0.015803, 0.197295, 0.863687, 0.463809, -0.10236, 1.24905, 0.0416708)
joint_offset = Transform3D(1, 0, 0, 0, 1, 0, 0, 0, 1, 0.000149435, 2.96966e-05, 0.0541973)
body_offset = Transform3D(0.228883, -0.951419, -0.205947, -1.9744e-07, 0.211563, -0.977364, 0.973454, 0.223702, 0.048423, 0.0111558, 0.0529642, -0.0027765)

[node name="Physical Bone RightUpperArm" parent="x_bot/Armature/GeneralSkeleton/PhysicalBoneSimulator3D" index="8"]
transform = Transform3D(0.342074, 0.92278, 0.177379, 0.477693, -0.333326, 0.812836, 0.809194, -0.193317, -0.554828, -0.175064, 1.1369, 0.0938368)
joint_offset = Transform3D(1, 0, 0, 0, 1, 0, 0, 0, 1, -9.16515e-06, -8.22543e-06, 0.139208)
body_offset = Transform3D(1, -7.15256e-07, 3.27826e-07, 2.98023e-07, 2.30968e-07, -1, 5.66244e-07, 1, 0, 9.11951e-06, 0.139208, 8.22544e-06)

[node name="Physical Bone RightLowerArm" parent="x_bot/Armature/GeneralSkeleton/PhysicalBoneSimulator3D" index="9"]
transform = Transform3D(-0.92278, 0.0707015, -0.378785, 0.333326, 0.639641, -0.692642, 0.193316, -0.765415, -0.613815, -0.14612, 1.12185, 0.258012)
joint_offset = Transform3D(1, 0, 0, 0, 1, 0, 0, 0, 1, -5.85071e-06, 1.68889e-08, 0.141645)
body_offset = Transform3D(1, -3.8743e-07, -7.7486e-07, -6.10948e-07, -2.38419e-07, -1, 5.96046e-07, 1, -1.19209e-07, 5.96046e-06, 0.141645, 0)

[node name="Physical Bone RightHand" parent="x_bot/Armature/GeneralSkeleton/PhysicalBoneSimulator3D" index="10"]
transform = Transform3D(0.895901, -0.246864, -0.36935, -0.444054, -0.47272, -0.761151, 0.0133017, 0.845928, -0.533132, -0.0851347, 1.23507, 0.355531)
joint_offset = Transform3D(1, 0, 0, 0, 1, 0, 0, 0, 1, 3.79514e-06, 2.81562e-06, 0.0198444)
body_offset = Transform3D(-0.506169, -0.535677, -0.675902, -4.19095e-08, 0.783714, -0.621122, 0.862435, -0.314393, -0.396692, 0.0134163, 0.0123236, 0.00786972)

[node name="Physical Bone LeftShoulder" parent="x_bot/Armature/GeneralSkeleton/PhysicalBoneSimulator3D" index="11"]
transform = Transform3D(0.187089, -0.355899, -0.915605, -0.973383, -0.192762, -0.123968, -0.132374, 0.914428, -0.38249, 0.0813456, 1.25188, 0.117986)
joint_offset = Transform3D(1, 0, 0, 0, 1, 0, 0, 0, 1, 0.000148684, -3.46476e-05, 0.054181)
body_offset = Transform3D(0.22879, 0.951439, 0.205958, 2.30968e-07, 0.21157, -0.977363, -0.973476, 0.223611, 0.0484049, -0.0111601, 0.0529618, -0.00247014)

[node name="Physical Bone LeftUpperArm" parent="x_bot/Armature/GeneralSkeleton/PhysicalBoneSimulator3D" index="12"]
transform = Transform3D(0.619972, -0.76247, 0.185134, -0.78317, -0.586994, 0.205141, -0.047741, -0.272173, -0.961063, 0.105237, 1.22991, 0.272452)
joint_offset = Transform3D(1, 0, 0, 0, 1, 0, 0, 0, 1, -8.02412e-07, 5.51515e-07, 0.139208)
body_offset = Transform3D(1, -7.255e-07, 1.05426e-06, 1.10641e-06, -5.66244e-07, -1, 7.58097e-07, 1, -5.36442e-07, 6.55651e-07, 0.139208, -4.76837e-07)

[node name="Physical Bone LeftLowerArm" parent="x_bot/Armature/GeneralSkeleton/PhysicalBoneSimulator3D" index="13"]
transform = Transform3D(-0.762469, -0.442014, 0.472509, -0.586994, 0.779748, -0.217785, -0.272175, -0.443415, -0.853993, 0.0125354, 1.2322, 0.527201)
joint_offset = Transform3D(1, 0, 0, 0, 1, 0, 0, 0, 1, -1.59733e-07, -6.42987e-07, 0.141644)
body_offset = Transform3D(1, -1.13249e-06, -1.81794e-06, -1.92225e-06, -2.08616e-07, -1, 1.12504e-06, 1, -8.9407e-08, 4.17233e-07, 0.141644, 6.55651e-07)

[node name="Physical Bone LeftHand" parent="x_bot/Armature/GeneralSkeleton/PhysicalBoneSimulator3D" index="14"]
transform = Transform3D(0.380845, -0.91868, -0.104801, -0.876824, -0.322848, -0.3563, 0.293491, 0.227587, -0.928476, -0.0523163, 1.27011, 0.66659)
joint_offset = Transform3D(1, 0, 0, 0, 1, 0, 0, 0, 1, -1.92272e-06, -4.42378e-06, 0.0198432)
body_offset = Transform3D(-0.506709, 0.535593, 0.675564, -7.45058e-08, 0.78361, -0.621253, -0.862117, -0.314795, -0.397062, -0.0134039, 0.0123311, 0.00787592)

[node name="Physical Bone RightUpperLeg" parent="x_bot/Armature/GeneralSkeleton/PhysicalBoneSimulator3D" index="15"]
transform = Transform3D(0.986193, 0.156628, -0.0537711, 0.115282, -0.41623, 0.901922, 0.118885, -0.895668, -0.428539, -0.0649289, 0.588697, 0.0490395)
joint_offset = Transform3D(1, 0, 0, 0, 1, 0, 0, 0, 1, -7.76565e-09, 9.16072e-07, 0.221859)
body_offset = Transform3D(-1, -6.18398e-07, 1.11759e-08, -3.72529e-09, 0.00779593, -0.999969, 6.10948e-07, -0.99997, -0.00779602, -1.02445e-08, 0.221852, 0.00173053)

[node name="Physical Bone RightLowerLeg" parent="x_bot/Armature/GeneralSkeleton/PhysicalBoneSimulator3D" index="16"]
transform = Transform3D(-0.992703, -0.0709177, -0.0975303, -0.0138902, -0.736159, 0.676666, -0.119785, 0.673083, 0.729802, -0.0312817, 0.237922, -0.0183956)
joint_offset = Transform3D(1, 0, 0, 0, 1, 0, 0, 0, 1, 9.2084e-08, -8.74512e-07, 0.222676)
body_offset = Transform3D(-1, -1.04308e-07, -2.98023e-08, 2.98023e-08, 0.068346, -0.997662, 1.19209e-07, -0.997662, -0.0683462, 9.87202e-08, 0.222155, 0.0152182)

[node name="Physical Bone RightFoot" parent="x_bot/Armature/GeneralSkeleton/PhysicalBoneSimulator3D" index="17"]
transform = Transform3D(-0.905312, -0.268317, 0.329265, 5.51342e-07, 0.775203, 0.631712, -0.424747, 0.571897, -0.701801, -0.032326, 0.0436587, -0.132376)
joint_offset = Transform3D(1, 0, 0, 0, 1, 0, 0, 0, 1, -9.5686e-06, -1.19582e-06, 0.0690809)
body_offset = Transform3D(1, -6.4075e-07, 2.98023e-08, 3.57628e-07, 0.631712, -0.775203, 4.17232e-07, 0.775203, 0.631712, 9.56655e-06, 0.0535525, -0.0436383)

[node name="Physical Bone LeftUpperLeg" parent="x_bot/Armature/GeneralSkeleton/PhysicalBoneSimulator3D" index="18"]
transform = Transform3D(0.99773, 0.0435528, 0.0513596, -0.0183272, -0.55828, 0.82945, 0.0647979, -0.828509, -0.556214, 0.0710541, 0.59561, 0.115891)
joint_offset = Transform3D(1, 0, 0, 0, 1, 0, 0, 0, 1, 2.71388e-07, 1.25659e-06, 0.221858)
body_offset = Transform3D(-1, -3.2708e-06, 3.83705e-07, -4.28408e-07, 0.00781938, -0.999969, 3.24845e-06, -0.999969, -0.0078195, 1.86265e-07, 0.221851, 0.00173607)

[node name="Physical Bone LeftLowerLeg" parent="x_bot/Armature/GeneralSkeleton/PhysicalBoneSimulator3D" index="19"]
transform = Transform3D(-0.999635, 0.0255641, -0.00877799, -0.0270043, -0.958517, 0.283754, -0.00115994, 0.283887, 0.958857, 0.0616141, 0.348417, 0.0258127)
joint_offset = Transform3D(1, 0, 0, 0, 1, 0, 0, 0, 1, -5.32705e-08, 5.52274e-07, 0.222637)
body_offset = Transform3D(-1, -1.2081e-07, -7.19447e-08, 2.86382e-08, 0.0683752, -0.99766, 1.17347e-07, -0.99766, -0.0683752, -3.72529e-08, 0.222116, 0.0152234)

[node name="Physical Bone LeftFoot" parent="x_bot/Armature/GeneralSkeleton/PhysicalBoneSimulator3D" index="20"]
transform = Transform3D(-0.980543, -0.0128145, -0.195886, -0.196233, 0.0370034, 0.979859, -0.00530797, 0.999233, -0.038798, 0.0771102, 0.217552, -0.184987)
joint_offset = Transform3D(1, 0, 0, 0, 1, 0, 0, 0, 1, 9.99015e-06, -1.11014e-06, 0.0690809)
body_offset = Transform3D(1, -4.91738e-07, -2.00074e-07, 1.83936e-07, 0.631711, -0.775204, 5.1735e-07, 0.775204, 0.631711, -9.97633e-06, 0.0535525, -0.0436383)

[node name="CollisionShape3D" type="CollisionShape3D" parent="."]
transform = Transform3D(1, 0, 0, 0, 1, 0, 0, 0, 1, 0, 1, 0)
shape = SubResource("CapsuleShape3D_y8poy")

[node name="RollbackSynchronizer" type="Node" parent="." node_paths=PackedStringArray("root")]
script = ExtResource("2_ktqdq")
root = NodePath("..")
state_properties = Array[String](["RewindableStateMachine:state", ":transform", ":velocity", "x_bot:transform"])
input_properties = Array[String](["PlayerInput:input_dir", "PlayerInput:jump_input", "PlayerInput:run_input", "CameraInput:camera_basis", "PlayerInput:shoot_input", "CameraInput:camera_look"])
metadata/_custom_type_script = ExtResource("2_ktqdq")

[node name="TickInterpolator" type="Node" parent="." node_paths=PackedStringArray("root")]
script = ExtResource("4_a47yd")
root = NodePath("..")
properties = Array[String]([":transform", "x_bot:transform"])
metadata/_custom_type_script = ExtResource("4_a47yd")

[node name="RewindableStateMachine" type="Node" parent="."]
script = ExtResource("3_lo6j0")
metadata/_custom_type_script = ExtResource("3_lo6j0")

[node name="IdleState" type="Node" parent="RewindableStateMachine" node_paths=PackedStringArray("camera_input", "player_model", "player_input", "parent")]
script = ExtResource("5_4l86x")
animation_name = "rifle aiming idle"
camera_input = NodePath("../../CameraInput")
player_model = NodePath("../../x_bot")
player_input = NodePath("../../PlayerInput")
parent = NodePath("../..")

[node name="JumpState" type="Node" parent="RewindableStateMachine" node_paths=PackedStringArray("camera_input", "player_model", "player_input", "parent")]
script = ExtResource("6_a47yd")
animation_name = "strafe (2)"
camera_input = NodePath("../../CameraInput")
player_model = NodePath("../../x_bot")
player_input = NodePath("../../PlayerInput")
parent = NodePath("../..")

[node name="MoveState" type="Node" parent="RewindableStateMachine" node_paths=PackedStringArray("camera_input", "player_model", "player_input", "parent")]
script = ExtResource("8_a47yd")
animation_name = "rifle run"
camera_input = NodePath("../../CameraInput")
player_model = NodePath("../../x_bot")
player_input = NodePath("../../PlayerInput")
parent = NodePath("../..")

[node name="FallState" type="Node" parent="RewindableStateMachine" node_paths=PackedStringArray("camera_input", "player_model", "player_input", "parent")]
script = ExtResource("8_4l86x")
animation_name = "strafe"
camera_input = NodePath("../../CameraInput")
player_model = NodePath("../../x_bot")
player_input = NodePath("../../PlayerInput")
parent = NodePath("../..")

[node name="CameraInput" parent="." node_paths=PackedStringArray("rollback_synchronizer") instance=ExtResource("4_g37aj")]
rollback_synchronizer = NodePath("../RollbackSynchronizer")

[node name="PlayerInput" type="Node" parent="."]
script = ExtResource("10_kusnb")

[node name="PlayerUi" parent="." instance=ExtResource("12_ua4at")]

[node name="RightHandBoneAttachment" type="BoneAttachment3D" parent="."]
transform = Transform3D(-0.0776653, 0.0141642, 0.996879, 0.994598, 0.0701675, 0.0764906, -0.0688652, 0.997435, -0.0195372, -0.0792271, 1.21586, 0.327071)
bone_name = "RightHand"
bone_idx = 11
use_external_skeleton = true
external_skeleton = NodePath("../x_bot/Armature/GeneralSkeleton")

[node name="WeaponPivot" type="Marker3D" parent="RightHandBoneAttachment"]
transform = Transform3D(0, 1, 0, 0, 0, -1, -1, 0, 0, 0.452035, -0.19097, 0.270578)

[node name="WeaponsManager" parent="RightHandBoneAttachment/WeaponPivot" instance=ExtResource("13_nrabn")]

[node name="Weapons_Models" parent="RightHandBoneAttachment/WeaponPivot/WeaponsManager" index="0"]
visible = true

[node name="blasterN" parent="RightHandBoneAttachment/WeaponPivot/WeaponsManager/Weapons_Models" index="0"]
transform = Transform3D(-1, 0, 2.53518e-06, 0, 1, 0, -2.53518e-06, 0, -1, 0.193, 1.255, -0.643)

[node name="blasterI" parent="RightHandBoneAttachment/WeaponPivot/WeaponsManager/Weapons_Models" index="1"]
transform = Transform3D(-1, 0, -2.53518e-06, 0, 1, 0, 2.53518e-06, 0, -1, -0.148, 1.379, -0.398)

[node name="blasterL" parent="RightHandBoneAttachment/WeaponPivot/WeaponsManager/Weapons_Models" index="2"]
transform = Transform3D(-1, 0, -2.53518e-06, 0, 1, 0, 2.53518e-06, 0, -1, 0.117, 1.16, -0.512)

[node name="blasterP2" parent="RightHandBoneAttachment/WeaponPivot/WeaponsManager/Weapons_Models" index="4"]
transform = Transform3D(-0.97237, -0.233408, -0.00407487, 0, 0.0174555, -0.999848, 0.233443, -0.972222, -0.0169732, 0.32, 1.014, -0.35)

[node name="blasterQ2" parent="RightHandBoneAttachment/WeaponPivot/WeaponsManager/Weapons_Models" index="5"]
transform = Transform3D(-1, 0, 2.53518e-06, 0, 1, 0, -2.53518e-06, 0, -1, 0, 0, 0)

[node name="MultiplayerSynchronizer" type="MultiplayerSynchronizer" parent="."]
replication_config = SubResource("SceneReplicationConfig_nrabn")

[editable path="x_bot"]
[editable path="RightHandBoneAttachment/WeaponPivot/WeaponsManager"]
