[gd_scene load_steps=20 format=3 uid="uid://dup2jh8uleo3l"]

[ext_resource type="Script" uid="uid://dc7w7oe3lm0eu" path="res://scripts/player.gd" id="1_u2qrv"]
[ext_resource type="Script" uid="uid://cfgvniwyo5waf" path="res://addons/netfox/rollback/rollback-synchronizer.gd" id="2_ktqdq"]
[ext_resource type="PackedScene" uid="uid://bnpcdhkiv5rja" path="res://assets/characters/x_bot/x_bot.tscn" id="2_xfltk"]
[ext_resource type="Script" uid="uid://btck2pi5uy6xp" path="res://addons/netfox.extras/state-machine/rewindable-state-machine.gd" id="3_lo6j0"]
[ext_resource type="Script" uid="uid://cgycqse80cops" path="res://addons/netfox/tick-interpolator.gd" id="4_a47yd"]
[ext_resource type="PackedScene" uid="uid://l1d8hwvn7hbq" path="res://scenes/player/camera_input.tscn" id="4_g37aj"]
[ext_resource type="Script" uid="uid://bbhybl3bvg0b6" path="res://scripts/states/movement/idle_state.gd" id="5_4l86x"]
[ext_resource type="Script" uid="uid://btj80uq43ccmt" path="res://scripts/states/movement/jump_state.gd" id="6_a47yd"]
[ext_resource type="Script" uid="uid://8ympfbj5i4hc" path="res://scripts/states/movement/fall_state.gd" id="8_4l86x"]
[ext_resource type="Script" uid="uid://dlfbk4aggn6u1" path="res://scripts/states/movement/move_state.gd" id="8_a47yd"]
[ext_resource type="Script" uid="uid://c8pgkna7f6aye" path="res://scripts/states/movement/ragdoll.gd" id="10_gjnd3"]
[ext_resource type="Script" uid="uid://c1xw0v7hky5kl" path="res://scripts/states/movement/movement_state.gd" id="10_jo6vb"]
[ext_resource type="Script" uid="uid://5oxt7p6a1uo8" path="res://scripts/player_input.gd" id="10_kusnb"]
[ext_resource type="PackedScene" uid="uid://btdemgg0e0b4o" path="res://scenes/player/player_ui.tscn" id="12_ua4at"]
[ext_resource type="PackedScene" uid="uid://cf6jco7ctb45m" path="res://weapons_manager.tscn" id="13_nrabn"]
[ext_resource type="AudioStream" uid="uid://c3o2in8ur76wn" path="res://assets/hitmarker.mp3" id="14_kusnb"]
[ext_resource type="PackedScene" uid="uid://r31q8k2be4qk" path="res://scenes/player/player_interact_sensors/sensor_cast.tscn" id="17_2hvjq"]

[sub_resource type="CapsuleShape3D" id="CapsuleShape3D_y8poy"]

[sub_resource type="SceneReplicationConfig" id="SceneReplicationConfig_nrabn"]
properties/0/path = NodePath("x_bot/AnimationPlayer:active")
properties/0/spawn = true
properties/0/replication_mode = 2
properties/1/path = NodePath("x_bot/Armature/GeneralSkeleton/PhysicalBoneSimulator3D:active")
properties/1/spawn = true
properties/1/replication_mode = 2

[node name="PlayerRootMotion" type="CharacterBody3D" node_paths=PackedStringArray("_player_input", "_camera_input", "_player_model", "_state_machine", "skeleton", "bones", "chest", "weapons_manager", "WeaponPivot")]
script = ExtResource("1_u2qrv")
_player_input = NodePath("PlayerInput")
_camera_input = NodePath("CameraInput")
_player_model = NodePath("x_bot")
_state_machine = NodePath("RewindableStateMachine")
skeleton = NodePath("x_bot/Armature/GeneralSkeleton")
bones = NodePath("x_bot/Armature/GeneralSkeleton/PhysicalBoneSimulator3D")
chest = NodePath("x_bot/Armature/GeneralSkeleton/PhysicalBoneSimulator3D/Physical Bone Chest")
weapons_manager = NodePath("RightHandBoneAttachment/WeaponPivot/WeaponsManager")
WeaponPivot = NodePath("RightHandBoneAttachment/WeaponPivot")

[node name="x_bot" parent="." instance=ExtResource("2_xfltk")]

[node name="GeneralSkeleton" parent="x_bot/Armature" index="0"]
bones/1/position = Vector3(-3.55271e-14, 1.0427, -2.32831e-08)
bones/1/rotation = Quaternion(1.82322e-07, 2.23274e-08, -9.84778e-07, 1)
bones/2/rotation = Quaternion(-1.39698e-09, -2.23269e-08, 7.34268e-07, 1)
bones/3/rotation = Quaternion(1.11967e-20, 3.91909e-14, -6.77902e-13, 1)
bones/4/rotation = Quaternion(-7.45058e-09, -7.91034e-16, -1.05471e-14, 1)
bones/5/rotation = Quaternion(3.72529e-09, -4.44089e-14, -2.29039e-13, 1)
bones/6/rotation = Quaternion(-3.17637e-22, -8.88178e-16, 1.43219e-14, 1)
bones/8/rotation = Quaternion(0.5, -0.5, -0.5, -0.5)
bones/9/rotation = Quaternion(-2.08616e-07, 1, -8.9407e-08, -5.0664e-07)
bones/10/rotation = Quaternion(-4.21468e-08, 0.707107, -4.21468e-08, 0.707107)
bones/11/rotation = Quaternion(-1.96582e-07, -0.707105, 3.65169e-07, 0.707109)
bones/12/rotation = Quaternion(-0.210382, -0.677397, -0.209507, 0.673037)
bones/13/rotation = Quaternion(-0.00857145, 0.00425966, 0.000481129, 0.999954)
bones/14/rotation = Quaternion(-0.00636509, 0.00315905, 0.0003995, 0.999975)
bones/16/rotation = Quaternion(8.9407e-07, 5.96046e-08, 0.000164017, 1)
bones/17/rotation = Quaternion(-8.9407e-08, -2.98023e-08, -0.000255644, 1)
bones/18/rotation = Quaternion(-4.47035e-08, 5.96046e-08, 8.80808e-05, 1)
bones/20/rotation = Quaternion(9.23872e-07, 2.98023e-08, 0.000501722, 1)
bones/21/rotation = Quaternion(-8.9407e-08, 2.98023e-08, -0.000850022, 1)
bones/22/rotation = Quaternion(-2.98023e-08, -2.98023e-08, 0.000322014, 1)
bones/24/rotation = Quaternion(-2.98023e-08, 2.98023e-08, -0.000156373, 1)
bones/25/rotation = Quaternion(-2.98023e-08, 2.98023e-08, 0.000221595, 1)
bones/26/rotation = Quaternion(0, 0, 0.000112653, 1)
bones/28/rotation = Quaternion(-4.55976e-06, 1.49012e-08, -0.000520244, 1)
bones/29/rotation = Quaternion(1.49012e-07, -2.98023e-08, -0.000846416, 1)
bones/30/rotation = Quaternion(1.49012e-08, 8.9407e-08, 0.000496611, 1)
bones/32/rotation = Quaternion(0.5, 0.5, 0.5, -0.5)
bones/33/rotation = Quaternion(-8.79168e-07, 1, 9.98378e-07, -2.98023e-08)
bones/34/rotation = Quaternion(-4.21468e-08, -0.707107, 8.42937e-08, 0.707107)
bones/35/rotation = Quaternion(5.45042e-07, 0.707107, 5.45042e-07, 0.707107)
bones/36/rotation = Quaternion(-0.210905, 0.676919, 0.210144, 0.673156)
bones/37/rotation = Quaternion(-0.00757469, -0.00376609, -0.000403136, 0.999964)
bones/38/rotation = Quaternion(-0.00560211, -0.00278677, -0.000284195, 0.99998)
bones/40/rotation = Quaternion(-8.34465e-07, 1.3411e-07, 4.45694e-05, 1)
bones/41/rotation = Quaternion(-1.04308e-07, -5.96046e-08, -0.00010477, 1)
bones/42/rotation = Quaternion(2.98023e-08, -2.98023e-08, 6.63102e-05, 1)
bones/44/rotation = Quaternion(0, 5.96046e-08, 3.14116e-05, 1)
bones/45/rotation = Quaternion(-4.47035e-08, 0, -2.09659e-05, 1)
bones/46/rotation = Quaternion(1.49012e-08, 8.9407e-08, -2.09212e-05, 1)
bones/48/rotation = Quaternion(-8.19564e-07, 5.96046e-08, -6.12438e-06, 1)
bones/49/rotation = Quaternion(2.98023e-08, -2.98023e-08, 2.98023e-08, 1)
bones/50/rotation = Quaternion(0, 5.96046e-08, -1.19209e-07, 1)
bones/52/rotation = Quaternion(5.1409e-06, 1.19209e-07, -0.00204465, 0.999998)
bones/53/rotation = Quaternion(-7.7486e-07, -5.96046e-08, 0.000210404, 1)
bones/54/rotation = Quaternion(8.9407e-08, 1.49012e-08, 6.69211e-05, 1)
bones/56/rotation = Quaternion(-2.26045e-08, 0.000672017, 1, -6.98541e-07)
bones/57/rotation = Quaternion(2.75893e-10, 0.999999, -0.00134145, -5.66826e-10)
bones/58/rotation = Quaternion(-1.11124e-08, 0.706633, -0.70758, 1.28085e-08)
bones/59/rotation = Quaternion(6.52983e-11, 1, 2.98023e-08, 3.71547e-12)
bones/61/rotation = Quaternion(-2.27273e-08, 0.000650286, 1, -7.08998e-07)
bones/62/rotation = Quaternion(-9.88683e-10, 0.999999, -0.00129878, 1.41577e-08)
bones/63/rotation = Quaternion(-1.10569e-08, 0.706648, -0.707565, 1.30782e-08)
bones/64/rotation = Quaternion(1.17033e-10, 1, 0, 9.26995e-10)

[node name="Physical Bone Hips" parent="x_bot/Armature/GeneralSkeleton/PhysicalBoneSimulator3D" index="0"]
transform = Transform3D(-1, 3.87207e-05, -1.48073e-06, 1.98075e-06, 0.0129167, -0.999917, -3.86983e-05, -0.999917, -0.0129167, 8.53943e-08, 1.09361, 0.000657597)
joint_offset = Transform3D(1, 0, 0, 0, 1, 0, 0, 0, 1, 1.00074e-08, 4.77303e-09, 0.0509122)
body_offset = Transform3D(-1, 3.87399e-05, 4.89241e-07, 1.11759e-08, 0.0129163, -0.999917, -3.8743e-05, -0.999917, -0.0129163, -1.49012e-08, 0.050908, 0.000657602)

[node name="Physical Bone Spine" parent="x_bot/Armature/GeneralSkeleton/PhysicalBoneSimulator3D" index="1"]
transform = Transform3D(1, 4.52837e-08, -5.07326e-07, -5.08471e-07, 0.147032, -0.989132, 2.98015e-08, 0.989132, 0.147032, 1.71566e-07, 1.19399, -0.00603831)
joint_offset = Transform3D(1, 0, 0, 0, 1, 0, 0, 0, 1, 3.3817e-09, -2.37487e-08, 0.0500134)
body_offset = Transform3D(1, -2.83829e-08, -1.17515e-08, -7.45057e-09, 0.147032, -0.989132, 2.98023e-08, 0.989132, 0.147032, -2.79397e-09, 0.0494698, -0.00735354)

[node name="Physical Bone Chest" parent="x_bot/Armature/GeneralSkeleton/PhysicalBoneSimulator3D" index="2"]
transform = Transform3D(1, -3.81655e-07, -4.72869e-07, -4.11615e-07, 0.147032, -0.989132, 4.47034e-07, 0.989132, 0.147032, 2.20279e-07, 1.28956, -0.0202452)
joint_offset = Transform3D(1, 0, 0, 0, 1, 0, 0, 0, 1, 8.02793e-10, 2.84985e-07, 0.0466097)
body_offset = Transform3D(1, -4.55322e-07, 2.27069e-08, 8.9407e-08, 0.147032, -0.989132, 4.47035e-07, 0.989132, 0.147032, -1.86103e-09, 0.0461031, -0.0068534)

[node name="Physical Bone UpperChest" parent="x_bot/Armature/GeneralSkeleton/PhysicalBoneSimulator3D" index="3"]
transform = Transform3D(1, -4.66165e-07, -6.06857e-07, -5.45725e-07, 0.121494, -0.992592, 5.36441e-07, 0.992592, 0.121494, 8.77776e-08, 1.41936, -0.0373436)
joint_offset = Transform3D(1, 0, 0, 0, 1, 0, 0, 0, 1, 2.08539e-07, 3.13856e-07, 0.0843258)
body_offset = Transform3D(1, -5.27037e-07, -1.09547e-07, -4.47035e-08, 0.121494, -0.992592, 5.36442e-07, 0.992592, 0.121494, -1.99301e-07, 0.0837011, -0.0102454)

[node name="Physical Bone Neck" parent="x_bot/Armature/GeneralSkeleton/PhysicalBoneSimulator3D" index="4"]
transform = Transform3D(-1, 1.84059e-07, -4.4615e-07, 4.7122e-07, 0.172566, -0.984998, -1.04307e-07, -0.984998, -0.172566, 4.32334e-07, 1.55116, -0.0391581)
joint_offset = Transform3D(1, 0, 0, 0, 1, 0, 0, 0, 1, 6.93689e-08, 4.96022e-06, 0.048825)
body_offset = Transform3D(-1, 9.76003e-08, 4.73553e-08, -2.98023e-08, 0.172566, -0.984998, -1.04308e-07, -0.984998, -0.172566, 6.70562e-08, 0.0480917, 0.00843042)

[node name="Physical Bone Head" parent="x_bot/Armature/GeneralSkeleton/PhysicalBoneSimulator3D" index="5"]
transform = Transform3D(-1, 4.45484e-07, -1.23942e-06, 1.31686e-06, 0.322225, -0.946663, -2.23506e-08, -0.946663, -0.322225, 5.08825e-07, 1.70943, 0.00676826)
joint_offset = Transform3D(1, 0, 0, 0, 1, 0, 0, 0, 1, -2.94503e-08, 1.81794e-06, 0.116394)
body_offset = Transform3D(-1, 2.84043e-07, -7.65122e-07, 8.15839e-07, 0.322225, -0.946663, -2.23517e-08, -0.946663, -0.322225, 5.96046e-08, 0.110185, 0.0375067)

[node name="Physical Bone RightShoulder" parent="x_bot/Armature/GeneralSkeleton/PhysicalBoneSimulator3D" index="6"]
transform = Transform3D(4.5047e-07, -0.211564, 0.977364, 0.973454, 0.223703, 0.0484231, -0.228884, 0.951419, 0.205948, -0.0986636, 1.44318, -0.0598674)
joint_offset = Transform3D(1, 0, 0, 0, 1, 0, 0, 0, 1, 4.0275e-06, 7.21077e-07, 0.054191)
body_offset = Transform3D(0.228884, -0.951419, -0.205948, 3.72512e-08, 0.211564, -0.977364, 0.973454, 0.223703, 0.0484236, 0.0111603, 0.0529642, -0.00262821)

[node name="Physical Bone RightUpperArm" parent="x_bot/Armature/GeneralSkeleton/PhysicalBoneSimulator3D" index="7"]
transform = Transform3D(2.08617e-07, -9.18253e-07, 1, 6.66331e-07, -1, -9.18253e-07, 1, 6.66331e-07, -2.08617e-07, -0.290836, 1.44056, -0.0710266)
joint_offset = Transform3D(1, 0, 0, 0, 1, 0, 0, 0, 1, -1.39995e-06, -7.47395e-06, 0.139208)
body_offset = Transform3D(1, -2.84217e-13, 2.08616e-07, 2.08616e-07, 5.96046e-07, -1, 0, 1, 5.96046e-07, 1.37091e-06, 0.139208, 7.39098e-06)

[node name="Physical Bone RightLowerArm" parent="x_bot/Armature/GeneralSkeleton/PhysicalBoneSimulator3D" index="8"]
transform = Transform3D(-2.05218e-08, 1.2219e-06, 1, 1, 7.11035e-07, 2.0521e-08, -7.11035e-07, 1, -1.2219e-06, -0.57169, 1.44057, -0.071028)
joint_offset = Transform3D(1, 0, 0, 0, 1, 0, 0, 0, 1, -7.3372e-06, 1.73583e-07, 0.141647)
body_offset = Transform3D(1, 4.47039e-08, 4.61938e-07, 4.61938e-07, -8.04663e-07, -1, -4.47035e-08, 1, -8.04663e-07, 7.27177e-06, 0.141647, -5.96046e-08)

[node name="Physical Bone RightHand" parent="x_bot/Armature/GeneralSkeleton/PhysicalBoneSimulator3D" index="9"]
transform = Transform3D(1.86464e-08, -0.783677, 0.621169, -0.862439, 0.314412, 0.396667, -0.506161, -0.53572, -0.675873, -0.725656, 1.43269, -0.057619)
joint_offset = Transform3D(1, 0, 0, 0, 1, 0, 0, 0, 1, -3.05939e-07, -5.02681e-07, 0.0198397)
body_offset = Transform3D(-0.506167, -0.535718, -0.675871, -2.79292e-09, 0.783677, -0.621168, 0.862436, -0.314415, -0.396671, 0.0134087, 0.0123242, 0.00786996)

[node name="Physical Bone LeftShoulder" parent="x_bot/Armature/GeneralSkeleton/PhysicalBoneSimulator3D" index="10"]
transform = Transform3D(-4.13228e-07, 0.21157, -0.977363, -0.973476, 0.22361, 0.0484054, 0.22879, 0.951439, 0.205958, 0.0986666, 1.44319, -0.0598672)
joint_offset = Transform3D(1, 0, 0, 0, 1, 0, 0, 0, 1, 3.70224e-06, -1.0347e-06, 0.0541882)
body_offset = Transform3D(0.22879, 0.951439, 0.205958, 7.45041e-08, 0.21157, -0.977363, -0.973476, 0.223611, 0.048405, -0.0111604, 0.0529618, -0.00261915)

[node name="Physical Bone LeftUpperArm" parent="x_bot/Armature/GeneralSkeleton/PhysicalBoneSimulator3D" index="11"]
transform = Transform3D(-7.6741e-07, 9.89094e-07, -1, 4.27041e-07, -1, -9.89094e-07, -1, -4.27042e-07, 7.67409e-07, 0.290836, 1.44056, -0.0710282)
joint_offset = Transform3D(1, 0, 0, 0, 1, 0, 0, 0, 1, -1.37945e-07, 1.89738e-07, 0.139208)
body_offset = Transform3D(1, 2.0488e-08, 9.90927e-07, 9.90927e-07, -5.06641e-07, -1, -2.04874e-08, 1, -5.06641e-07, 0, 0.139208, -1.19209e-07)

[node name="Physical Bone LeftLowerArm" parent="x_bot/Armature/GeneralSkeleton/PhysicalBoneSimulator3D" index="12"]
transform = Transform3D(1.39729e-07, 9.83476e-07, -1, -1, -3.69301e-07, -1.39729e-07, -3.69301e-07, 1, 9.83476e-07, 0.571688, 1.44056, -0.0710279)
joint_offset = Transform3D(1, 0, 0, 0, 1, 0, 0, 0, 1, 2.17398e-07, -4.12778e-07, 0.141644)
body_offset = Transform3D(1, -3.7253e-08, -1.53482e-06, -1.53482e-06, -7.15256e-07, -1, 3.72519e-08, 1, -7.15256e-07, 0, 0.141644, 5.1409e-07)

[node name="Physical Bone LeftHand" parent="x_bot/Armature/GeneralSkeleton/PhysicalBoneSimulator3D" index="13"]
transform = Transform3D(-1.21503e-06, 0.783609, -0.621254, 0.862117, 0.314796, 0.397062, 0.506709, -0.535593, -0.675563, 0.725663, 1.43269, -0.0576202)
joint_offset = Transform3D(1, 0, 0, 0, 1, 0, 0, 0, 1, -4.82239e-06, -2.69082e-06, 0.019846)
body_offset = Transform3D(-0.506709, 0.535593, 0.675563, 1.49008e-07, 0.78361, -0.621253, -0.862117, -0.314795, -0.397062, -0.0134082, 0.0123315, 0.00787508)

[node name="Physical Bone RightUpperLeg" parent="x_bot/Armature/GeneralSkeleton/PhysicalBoneSimulator3D" index="14"]
transform = Transform3D(1, 5.38433e-07, 5.54306e-07, -5.49362e-07, -0.00914003, 0.999958, 5.43477e-07, -0.999958, -0.00914003, -0.0820783, 0.753335, -0.0139673)
joint_offset = Transform3D(1, 0, 0, 0, 1, 0, 0, 0, 1, 1.82832e-07, 5.35278e-07, 0.221858)
body_offset = Transform3D(-1, -5.4405e-07, 1.81106e-08, -2.23517e-08, 0.00779641, -0.99997, 5.43892e-07, -0.99997, -0.00779641, 1.78814e-07, 0.221851, 0.00173023)

[node name="Physical Bone RightLowerLeg" parent="x_bot/Armature/GeneralSkeleton/PhysicalBoneSimulator3D" index="15"]
transform = Transform3D(-1, -9.32213e-08, 5.75425e-07, 5.80522e-07, -0.0696895, 0.997569, -5.28936e-08, 0.997569, 0.0696895, -0.0820785, 0.309389, -0.027456)
joint_offset = Transform3D(1, 0, 0, 0, 1, 0, 0, 0, 1, -1.25797e-07, 2.98023e-07, 0.22264)
body_offset = Transform3D(-1, -5.25422e-08, 3.87368e-09, -7.45603e-09, 0.0683535, -0.997661, 5.21545e-08, -0.997661, -0.0683535, -1.2666e-07, 0.222119, 0.0152185)

[node name="Physical Bone RightFoot" parent="x_bot/Armature/GeneralSkeleton/PhysicalBoneSimulator3D" index="16"]
transform = Transform3D(-1, 5.57871e-07, 6.83157e-07, 8.64028e-07, 0.775181, 0.631739, -1.77142e-07, 0.631739, -0.775181, -0.0820793, 0.0436491, 0.0105827)
joint_offset = Transform3D(1, 0, 0, 0, 1, 0, 0, 0, 1, -7.09356e-07, -2.79397e-07, 0.0690842)
body_offset = Transform3D(1, -8.64159e-08, -3.01099e-07, -1.78814e-07, 0.631739, -0.775181, 2.57204e-07, 0.775181, 0.631739, 7.30157e-07, 0.0535529, -0.043643)

[node name="Physical Bone LeftUpperLeg" parent="x_bot/Armature/GeneralSkeleton/PhysicalBoneSimulator3D" index="17"]
transform = Transform3D(1, 3.53691e-06, 6.53711e-07, -6.2143e-07, -0.00911895, 0.999958, 3.54272e-06, -0.999958, -0.00911895, 0.0820781, 0.753335, -0.0139692)
joint_offset = Transform3D(1, 0, 0, 0, 1, 0, 0, 0, 1, -4.69721e-07, 3.28314e-06, 0.221857)
body_offset = Transform3D(-1, -3.54206e-06, -1.02204e-07, 7.45058e-08, 0.00781879, -0.99997, 3.54275e-06, -0.999969, -0.00781879, -4.47035e-07, 0.22185, 0.00173793)

[node name="Physical Bone LeftLowerLeg" parent="x_bot/Armature/GeneralSkeleton/PhysicalBoneSimulator3D" index="18"]
transform = Transform3D(-1, -1.1162e-07, 5.17558e-07, 5.24077e-07, -0.0696645, 0.99757, -7.52936e-08, 0.99757, 0.0696645, 0.0820774, 0.309389, -0.0274592)
joint_offset = Transform3D(1, 0, 0, 0, 1, 0, 0, 0, 1, -7.26725e-09, 1.24797e-07, 0.222639)
body_offset = Transform3D(-1, -1.01704e-07, -3.26413e-08, 2.56114e-08, 0.0683703, -0.99766, 1.03698e-07, -0.99766, -0.0683703, 0, 0.222118, 0.015222)

[node name="Physical Bone LeftFoot" parent="x_bot/Armature/GeneralSkeleton/PhysicalBoneSimulator3D" index="19"]
transform = Transform3D(-1, 1.20317e-06, -1.55869e-07, 8.3421e-07, 0.775181, 0.631739, 8.8092e-07, 0.631739, -0.775181, 0.0820779, 0.0436476, 0.010582)
joint_offset = Transform3D(1, 0, 0, 0, 1, 0, 0, 0, 1, 5.46582e-07, 7.82311e-07, 0.0690829)
body_offset = Transform3D(1, -7.30929e-07, 5.00328e-07, 8.49601e-07, 0.631739, -0.775181, 2.50526e-07, 0.775181, 0.631739, -5.81145e-07, 0.0535513, -0.043643)

[node name="CollisionShape3D" type="CollisionShape3D" parent="."]
transform = Transform3D(1, 0, 0, 0, 1, 0, 0, 0, 1, 0, 1, 0)
shape = SubResource("CapsuleShape3D_y8poy")

[node name="RollbackSynchronizer" type="Node" parent="." node_paths=PackedStringArray("root")]
script = ExtResource("2_ktqdq")
root = NodePath("..")
enable_prediction = true
state_properties = Array[String](["RewindableStateMachine:state", ":transform", "x_bot:transform", ":velocity"])
input_properties = Array[String](["PlayerInput:input_dir", "PlayerInput:jump_input", "PlayerInput:run_input", "CameraInput:camera_basis", "PlayerInput:shoot_input", "CameraInput:camera_look"])
metadata/_custom_type_script = ExtResource("2_ktqdq")

[node name="TickInterpolator" type="Node" parent="." node_paths=PackedStringArray("root")]
script = ExtResource("4_a47yd")
root = NodePath("..")
properties = Array[String]([":transform", "x_bot:transform"])
metadata/_custom_type_script = ExtResource("4_a47yd")

[node name="RewindableStateMachine" type="Node" parent="."]
script = ExtResource("3_lo6j0")
metadata/_custom_type_script = ExtResource("3_lo6j0")

[node name="IdleState" type="Node" parent="RewindableStateMachine" node_paths=PackedStringArray("camera_input", "player_model", "player_input", "parent")]
script = ExtResource("5_4l86x")
animation_name = "rifle aiming idle"
camera_input = NodePath("../../CameraInput")
player_model = NodePath("../../x_bot")
player_input = NodePath("../../PlayerInput")
parent = NodePath("../..")

[node name="JumpState" type="Node" parent="RewindableStateMachine" node_paths=PackedStringArray("camera_input", "player_model", "player_input", "parent")]
script = ExtResource("6_a47yd")
animation_name = "strafe (2)"
camera_input = NodePath("../../CameraInput")
player_model = NodePath("../../x_bot")
player_input = NodePath("../../PlayerInput")
parent = NodePath("../..")

[node name="MoveState" type="Node" parent="RewindableStateMachine" node_paths=PackedStringArray("camera_input", "player_model", "player_input", "parent")]
script = ExtResource("8_a47yd")
animation_name = "rifle run"
camera_input = NodePath("../../CameraInput")
player_model = NodePath("../../x_bot")
player_input = NodePath("../../PlayerInput")
parent = NodePath("../..")

[node name="FallState" type="Node" parent="RewindableStateMachine" node_paths=PackedStringArray("camera_input", "player_model", "player_input", "parent")]
script = ExtResource("8_4l86x")
animation_name = "strafe"
camera_input = NodePath("../../CameraInput")
player_model = NodePath("../../x_bot")
player_input = NodePath("../../PlayerInput")
parent = NodePath("../..")

[node name="Ragdoll" type="Node" parent="RewindableStateMachine" node_paths=PackedStringArray("camera_input", "player_model", "player_input", "parent")]
script = ExtResource("10_gjnd3")
camera_input = NodePath("../../CameraInput")
player_model = NodePath("../../x_bot")
player_input = NodePath("../../PlayerInput")
parent = NodePath("../..")
metadata/_custom_type_script = ExtResource("10_jo6vb")

[node name="CameraInput" parent="." node_paths=PackedStringArray("rollback_synchronizer") instance=ExtResource("4_g37aj")]
rollback_synchronizer = NodePath("../RollbackSynchronizer")

[node name="PlayerInput" type="Node" parent="."]
script = ExtResource("10_kusnb")

[node name="PlayerUi" parent="." instance=ExtResource("12_ua4at")]

[node name="RightHandBoneAttachment" type="BoneAttachment3D" parent="."]
transform = Transform3D(-3.77201e-07, -1, -2.02998e-07, 6.32877e-06, 2.02996e-07, -1, 1, -3.77202e-07, 6.32877e-06, -0.713331, 1.44056, -0.0710277)
bone_name = "RightHand"
bone_idx = 11
use_external_skeleton = true
external_skeleton = NodePath("../x_bot/Armature/GeneralSkeleton")

[node name="WeaponPivot" type="Marker3D" parent="RightHandBoneAttachment"]
transform = Transform3D(0, 1, 0, 0, 0, -1, -1, 0, 0, 0.452035, -0.19097, 0.270578)

[node name="WeaponsManager" parent="RightHandBoneAttachment/WeaponPivot" node_paths=PackedStringArray("player_hud") instance=ExtResource("13_nrabn")]
player_hud = NodePath("../../../PlayerUi")

[node name="MultiplayerSynchronizer" type="MultiplayerSynchronizer" parent="."]
replication_config = SubResource("SceneReplicationConfig_nrabn")

[node name="Hitmarker" type="AudioStreamPlayer3D" parent="."]
transform = Transform3D(1, 0, 0, 0, 1, 0, 0, 0, 1, 0, 1.50861, 0)
stream = ExtResource("14_kusnb")
volume_db = -18.0
pitch_scale = 1.4

[node name="SensorCast" parent="." instance=ExtResource("17_2hvjq")]
script = null

[editable path="x_bot"]
