[gd_scene load_steps=16 format=3 uid="uid://dup2jh8uleo3l"]

[ext_resource type="Script" uid="uid://dc7w7oe3lm0eu" path="res://scripts/player.gd" id="1_u2qrv"]
[ext_resource type="Script" uid="uid://cfgvniwyo5waf" path="res://addons/netfox/rollback/rollback-synchronizer.gd" id="2_ktqdq"]
[ext_resource type="PackedScene" uid="uid://bnpcdhkiv5rja" path="res://assets/characters/x_bot/x_bot.tscn" id="2_xfltk"]
[ext_resource type="Script" uid="uid://btck2pi5uy6xp" path="res://addons/netfox.extras/state-machine/rewindable-state-machine.gd" id="3_lo6j0"]
[ext_resource type="Script" uid="uid://cgycqse80cops" path="res://addons/netfox/tick-interpolator.gd" id="4_a47yd"]
[ext_resource type="PackedScene" uid="uid://l1d8hwvn7hbq" path="res://scenes/player/camera_input.tscn" id="4_g37aj"]
[ext_resource type="Script" uid="uid://bbhybl3bvg0b6" path="res://scripts/states/movement/idle_state.gd" id="5_4l86x"]
[ext_resource type="Script" uid="uid://btj80uq43ccmt" path="res://scripts/states/movement/jump_state.gd" id="6_a47yd"]
[ext_resource type="Script" uid="uid://8ympfbj5i4hc" path="res://scripts/states/movement/fall_state.gd" id="8_4l86x"]
[ext_resource type="Script" uid="uid://dlfbk4aggn6u1" path="res://scripts/states/movement/move_state.gd" id="8_a47yd"]
[ext_resource type="Script" uid="uid://5oxt7p6a1uo8" path="res://scripts/player_input.gd" id="10_kusnb"]
[ext_resource type="PackedScene" uid="uid://btdemgg0e0b4o" path="res://scenes/player/player_ui.tscn" id="12_ua4at"]
[ext_resource type="PackedScene" uid="uid://cf6jco7ctb45m" path="res://weapons_manager.tscn" id="13_nrabn"]

[sub_resource type="CapsuleShape3D" id="CapsuleShape3D_y8poy"]

[sub_resource type="SceneReplicationConfig" id="SceneReplicationConfig_nrabn"]
properties/0/path = NodePath("x_bot/AnimationPlayer:active")
properties/0/spawn = true
properties/0/replication_mode = 2
properties/1/path = NodePath("x_bot/Armature/GeneralSkeleton/PhysicalBoneSimulator3D:active")
properties/1/spawn = true
properties/1/replication_mode = 2

[node name="PlayerRootMotion" type="CharacterBody3D" node_paths=PackedStringArray("_player_input", "_camera_input", "_player_model", "_state_machine", "skeleton", "bones", "weapons_manager")]
script = ExtResource("1_u2qrv")
_player_input = NodePath("PlayerInput")
_camera_input = NodePath("CameraInput")
_player_model = NodePath("x_bot")
_state_machine = NodePath("RewindableStateMachine")
skeleton = NodePath("x_bot/Armature/GeneralSkeleton")
bones = NodePath("x_bot/Armature/GeneralSkeleton/PhysicalBoneSimulator3D")
weapons_manager = NodePath("RightHandBoneAttachment/WeaponPivot/WeaponsManager")

[node name="x_bot" parent="." instance=ExtResource("2_xfltk")]

[node name="GeneralSkeleton" parent="x_bot/Armature" index="0"]
bones/1/position = Vector3(-3.55271e-14, 1.0427, -2.32831e-08)
bones/1/rotation = Quaternion(1.82322e-07, 2.23274e-08, -9.84778e-07, 1)
bones/2/rotation = Quaternion(-1.39698e-09, -2.23269e-08, 7.34268e-07, 1)
bones/3/rotation = Quaternion(1.11967e-20, 3.91909e-14, -6.77902e-13, 1)
bones/4/rotation = Quaternion(-7.45058e-09, -7.91034e-16, -1.05471e-14, 1)
bones/5/rotation = Quaternion(3.72529e-09, -4.44089e-14, -2.29039e-13, 1)
bones/6/rotation = Quaternion(-3.17637e-22, -8.88178e-16, 1.43219e-14, 1)
bones/9/rotation = Quaternion(-2.08616e-07, 1, -8.9407e-08, -5.0664e-07)
bones/10/rotation = Quaternion(-4.21468e-08, 0.707107, -4.21468e-08, 0.707107)
bones/11/rotation = Quaternion(-1.96582e-07, -0.707105, 3.65169e-07, 0.707109)
bones/12/rotation = Quaternion(-0.210382, -0.677397, -0.209507, 0.673037)
bones/13/rotation = Quaternion(-0.00857145, 0.00425966, 0.000481129, 0.999954)
bones/14/rotation = Quaternion(-0.00636509, 0.00315905, 0.0003995, 0.999975)
bones/15/scale = Vector3(1.00058, 1.00049, 1.00015)
bones/16/rotation = Quaternion(8.9407e-07, 5.96046e-08, 0.000164017, 1)
bones/17/rotation = Quaternion(-8.9407e-08, -2.98023e-08, -0.000255644, 1)
bones/18/rotation = Quaternion(-4.47035e-08, 5.96046e-08, 8.80808e-05, 1)
bones/20/rotation = Quaternion(9.23872e-07, 2.98023e-08, 0.000501722, 1)
bones/21/rotation = Quaternion(-8.9407e-08, 2.98023e-08, -0.000850022, 1)
bones/22/rotation = Quaternion(-2.98023e-08, -2.98023e-08, 0.000322014, 1)
bones/24/rotation = Quaternion(-2.98023e-08, 2.98023e-08, -0.000156373, 1)
bones/25/rotation = Quaternion(-2.98023e-08, 2.98023e-08, 0.000221595, 1)
bones/26/rotation = Quaternion(0, 0, 0.000112653, 1)
bones/28/rotation = Quaternion(-4.55976e-06, 1.49012e-08, -0.000520244, 1)
bones/29/rotation = Quaternion(1.49012e-07, -2.98023e-08, -0.000846416, 1)
bones/30/rotation = Quaternion(1.49012e-08, 8.9407e-08, 0.000496611, 1)
bones/33/rotation = Quaternion(-8.79168e-07, 1, 9.98378e-07, -2.98023e-08)
bones/34/rotation = Quaternion(-4.21468e-08, -0.707107, 8.42937e-08, 0.707107)
bones/35/rotation = Quaternion(5.45042e-07, 0.707107, 5.45042e-07, 0.707107)
bones/36/rotation = Quaternion(-0.210905, 0.676919, 0.210144, 0.673156)
bones/37/rotation = Quaternion(-0.00757469, -0.00376609, -0.000403136, 0.999964)
bones/38/rotation = Quaternion(-0.00560211, -0.00278677, -0.000284195, 0.99998)
bones/39/scale = Vector3(1.00058, 1.00049, 1.00015)
bones/40/rotation = Quaternion(-8.34465e-07, 1.3411e-07, 4.45694e-05, 1)
bones/41/rotation = Quaternion(-1.04308e-07, -5.96046e-08, -0.00010477, 1)
bones/42/rotation = Quaternion(2.98023e-08, -2.98023e-08, 6.63102e-05, 1)
bones/44/rotation = Quaternion(0, 5.96046e-08, 3.14116e-05, 1)
bones/45/rotation = Quaternion(-4.47035e-08, 0, -2.09659e-05, 1)
bones/46/rotation = Quaternion(1.49012e-08, 8.9407e-08, -2.09212e-05, 1)
bones/48/rotation = Quaternion(-8.19564e-07, 5.96046e-08, -6.12438e-06, 1)
bones/49/rotation = Quaternion(2.98023e-08, -2.98023e-08, 2.98023e-08, 1)
bones/50/rotation = Quaternion(0, 5.96046e-08, -1.19209e-07, 1)
bones/52/rotation = Quaternion(5.1409e-06, 1.19209e-07, -0.00204465, 0.999998)
bones/53/rotation = Quaternion(-7.7486e-07, -5.96046e-08, 0.000210404, 1)
bones/54/rotation = Quaternion(8.9407e-08, 1.49012e-08, 6.69211e-05, 1)
bones/56/rotation = Quaternion(-2.26045e-08, 0.000672017, 1, -6.98541e-07)
bones/57/rotation = Quaternion(2.75893e-10, 0.999999, -0.00134145, -5.66826e-10)
bones/58/rotation = Quaternion(-1.11124e-08, 0.706633, -0.70758, 1.28085e-08)
bones/59/rotation = Quaternion(6.52983e-11, 1, 2.98023e-08, 3.71547e-12)
bones/61/rotation = Quaternion(-2.27273e-08, 0.000650286, 1, -7.08998e-07)
bones/62/rotation = Quaternion(-9.88683e-10, 0.999999, -0.00129878, 1.41577e-08)
bones/63/rotation = Quaternion(-1.10569e-08, 0.706648, -0.707565, 1.30782e-08)
bones/64/rotation = Quaternion(1.17033e-10, 1, 0, 9.26995e-10)

[node name="Physical Bone Root" parent="x_bot/Armature/GeneralSkeleton/PhysicalBoneSimulator3D" index="0"]
transform = Transform3D(-1, 4.97099e-06, 7.40968e-08, 0, 0.0149042, -0.999889, -4.97154e-06, -0.999889, -0.0149042, -3.86365e-08, 0.521374, 0.00777153)
joint_offset = Transform3D(1, 0, 0, 0, 1, 0, 0, 0, 1, -2.4869e-14, 5.58794e-09, 0.521432)
body_offset = Transform3D(-1, 4.97099e-06, 7.40968e-08, 0, 0.0149042, -0.999889, -4.97154e-06, -0.999889, -0.0149042, -3.86365e-08, 0.521374, 0.00777153)

[node name="Physical Bone Hips" parent="x_bot/Armature/GeneralSkeleton/PhysicalBoneSimulator3D" index="1"]
transform = Transform3D(-1, 3.90339e-05, -1.50086e-06, 2.00496e-06, 0.0129176, -0.999917, -3.90112e-05, -0.999917, -0.0129176, 7.05951e-08, 1.09361, 0.000657568)
joint_offset = Transform3D(1, 0, 0, 0, 1, 0, 0, 0, 1, -5.82419e-09, -9.77307e-08, 0.0509144)
body_offset = Transform3D(-1, 3.90531e-05, 4.69105e-07, 3.53906e-08, 0.0129172, -0.999917, -3.90559e-05, -0.999917, -0.0129172, -2.97046e-08, 0.0509101, 0.000657573)

[node name="CollisionShape3D" parent="x_bot/Armature/GeneralSkeleton/PhysicalBoneSimulator3D/Physical Bone Hips" index="0"]
transform = Transform3D(1, 1.86265e-09, 0, 0, 1.49012e-08, 1, 0, -1, 0, 0, 0, 0)

[node name="Physical Bone Spine" parent="x_bot/Armature/GeneralSkeleton/PhysicalBoneSimulator3D" index="2"]
transform = Transform3D(1, 4.74746e-08, -5.22065e-07, -5.23372e-07, 0.147032, -0.989132, 2.98015e-08, 0.989132, 0.147032, 1.46444e-07, 1.19399, -0.00603913)
joint_type = 3
joint_offset = Transform3D(1, 0, 0, 0, 1, 0, 0, 0, 1, 2.92402e-08, 8.74046e-07, 0.0500129)
body_offset = Transform3D(1, -2.6192e-08, -2.64907e-08, -2.23517e-08, 0.147032, -0.989132, 2.98023e-08, 0.989132, 0.147032, -2.79153e-08, 0.0494692, -0.00735436)
joint_constraints/angular_limit_enabled = false
joint_constraints/angular_limit_upper = 90.0
joint_constraints/angular_limit_lower = -90.0
joint_constraints/angular_limit_bias = 0.3
joint_constraints/angular_limit_softness = 0.9
joint_constraints/angular_limit_relaxation = 1.0

[node name="Physical Bone Chest" parent="x_bot/Armature/GeneralSkeleton/PhysicalBoneSimulator3D" index="3"]
transform = Transform3D(1, -4.77759e-07, -4.34428e-07, -3.59461e-07, 0.147032, -0.989132, 5.36441e-07, 0.989132, 0.147032, 2.25855e-07, 1.28956, -0.0202443)
joint_offset = Transform3D(1, 0, 0, 0, 1, 0, 0, 0, 1, -6.56432e-09, -1.0808e-06, 0.0466127)
body_offset = Transform3D(1, -5.51426e-07, 6.11483e-08, 1.41561e-07, 0.147032, -0.989132, 5.36442e-07, 0.989132, 0.147032, 3.71344e-09, 0.0461062, -0.00685248)

[node name="Physical Bone UpperChest" parent="x_bot/Armature/GeneralSkeleton/PhysicalBoneSimulator3D" index="4"]
transform = Transform3D(1, -7.64389e-07, -5.00742e-07, -4.04164e-07, 0.121494, -0.992592, 8.19563e-07, 0.992592, 0.121494, 3.76486e-07, 1.41936, -0.0373434)
joint_offset = Transform3D(1, 0, 0, 0, 1, 0, 0, 0, 1, -8.91175e-08, 6.0536e-08, 0.0843263)
body_offset = Transform3D(1, -8.2526e-07, -3.43215e-09, 9.68575e-08, 0.121494, -0.992592, 8.19564e-07, 0.992592, 0.121494, 8.9407e-08, 0.0837016, -0.0102452)

[node name="Physical Bone Neck" parent="x_bot/Armature/GeneralSkeleton/PhysicalBoneSimulator3D" index="5"]
transform = Transform3D(-1, 3.1823e-08, -6.99743e-07, 6.94737e-07, 0.172568, -0.984998, 8.94079e-08, -0.984998, -0.172568, 4.21154e-07, 1.55115, -0.0391629)
joint_offset = Transform3D(1, 0, 0, 0, 1, 0, 0, 0, 1, 4.58111e-08, 1.19302e-06, 0.0488186)
body_offset = Transform3D(-1, -5.46367e-08, -2.06238e-07, 1.93715e-07, 0.172568, -0.984998, 8.9407e-08, -0.984998, -0.172568, 5.58794e-08, 0.048086, 0.00842571)

[node name="Physical Bone Head" parent="x_bot/Armature/GeneralSkeleton/PhysicalBoneSimulator3D" index="6"]
transform = Transform3D(-1, -1.7148e-08, -7.35782e-07, 6.91012e-07, 0.322225, -0.946663, 2.53321e-07, -0.946663, -0.322225, 2.70432e-07, 1.70943, 0.00676367)
joint_offset = Transform3D(1, 0, 0, 0, 1, 0, 0, 0, 1, -2.09224e-07, -3.14415e-06, 0.116394)
body_offset = Transform3D(-1, -1.78589e-07, -2.61483e-07, 1.8999e-07, 0.322225, -0.946663, 2.5332e-07, -0.946663, -0.322225, -1.7879e-07, 0.110187, 0.0375021)

[node name="Physical Bone RightShoulder" parent="x_bot/Armature/GeneralSkeleton/PhysicalBoneSimulator3D" index="7"]
transform = Transform3D(6.73986e-07, -0.211563, 0.977364, 0.973454, 0.223702, 0.0484224, -0.228883, 0.951419, 0.205947, -0.0986636, 1.44304, -0.0598629)
joint_offset = Transform3D(1, 0, 0, 0, 1, 0, 0, 0, 1, 0.000149438, 2.96732e-05, 0.0541973)
body_offset = Transform3D(0.228883, -0.951419, -0.205947, -1.86265e-07, 0.211563, -0.977364, 0.973454, 0.223702, 0.048423, 0.0111558, 0.0529642, -0.0027765)

[node name="Physical Bone RightUpperArm" parent="x_bot/Armature/GeneralSkeleton/PhysicalBoneSimulator3D" index="8"]
transform = Transform3D(8.9407e-08, -5.30823e-07, 1, 1.00087e-07, -1, -5.30823e-07, 1, 1.00087e-07, -8.94069e-08, -0.290836, 1.44056, -0.0710189)
joint_offset = Transform3D(1, 0, 0, 0, 1, 0, 0, 0, 1, -9.113e-06, -6.94317e-06, 0.139208)
body_offset = Transform3D(1, -5.66244e-07, 3.27826e-07, 3.27826e-07, 2.08616e-07, -1, 5.66244e-07, 1, 2.08616e-07, 9.06736e-06, 0.139208, 6.91414e-06)

[node name="Physical Bone RightLowerArm" parent="x_bot/Armature/GeneralSkeleton/PhysicalBoneSimulator3D" index="9"]
transform = Transform3D(1.03746e-06, 6.55652e-07, 1, 1, 8.51606e-08, -1.03746e-06, -8.51613e-08, 1, -6.55652e-07, -0.571688, 1.44057, -0.0710279)
joint_offset = Transform3D(1, 0, 0, 0, 1, 0, 0, 0, 1, -4.56474e-06, 3.37736e-08, 0.141645)
body_offset = Transform3D(1, -5.8117e-07, -5.96046e-07, -5.96046e-07, -2.38419e-07, -1, 5.8117e-07, 1, -2.38419e-07, 4.64916e-06, 0.141645, 0)

[node name="Physical Bone RightHand" parent="x_bot/Armature/GeneralSkeleton/PhysicalBoneSimulator3D" index="10"]
transform = Transform3D(5.32917e-08, -0.783714, 0.621122, -0.862437, 0.314389, 0.396687, -0.506164, -0.535679, -0.675904, -0.725655, 1.43269, -0.0576115)
joint_offset = Transform3D(1, 0, 0, 0, 1, 0, 0, 0, 1, 3.74485e-06, 2.73436e-06, 0.0198443)
body_offset = Transform3D(-0.506169, -0.535677, -0.675902, -3.7437e-08, 0.783714, -0.621122, 0.862434, -0.314393, -0.396692, 0.0134162, 0.0123236, 0.00786972)

[node name="Physical Bone LeftShoulder" parent="x_bot/Armature/GeneralSkeleton/PhysicalBoneSimulator3D" index="11"]
transform = Transform3D(-2.64215e-07, 0.21157, -0.977363, -0.973476, 0.22361, 0.0484053, 0.22879, 0.951439, 0.205958, 0.0986666, 1.44334, -0.0598668)
joint_offset = Transform3D(1, 0, 0, 0, 1, 0, 0, 0, 1, 0.000148664, -3.47279e-05, 0.0541809)
body_offset = Transform3D(0.22879, 0.951439, 0.205958, 2.23517e-07, 0.21157, -0.977363, -0.973476, 0.223611, 0.0484049, -0.01116, 0.0529618, -0.00247014)

[node name="Physical Bone LeftUpperArm" parent="x_bot/Armature/GeneralSkeleton/PhysicalBoneSimulator3D" index="12"]
transform = Transform3D(-6.70556e-07, 9.29492e-07, -1, -3.79482e-07, -1, -9.29492e-07, -1, 3.79481e-07, 6.70556e-07, 0.290836, 1.44056, -0.0710288)
joint_offset = Transform3D(1, 0, 0, 0, 1, 0, 0, 0, 1, -7.47474e-07, 5.55663e-07, 0.139208)
body_offset = Transform3D(1, -7.86035e-07, 1.08778e-06, 1.08778e-06, -5.66244e-07, -1, 7.86036e-07, 1, -5.66243e-07, 5.96046e-07, 0.139208, -4.76837e-07)

[node name="Physical Bone LeftLowerArm" parent="x_bot/Armature/GeneralSkeleton/PhysicalBoneSimulator3D" index="13"]
transform = Transform3D(-2.477e-07, 1.49011e-06, -1, -1, 6.73777e-07, 2.47701e-07, 6.73778e-07, 1, 1.49011e-06, 0.571688, 1.44056, -0.0710279)
joint_offset = Transform3D(1, 0, 0, 0, 1, 0, 0, 0, 1, -2.04563e-07, -4.62188e-07, 0.141644)
body_offset = Transform3D(1, -1.08033e-06, -1.92225e-06, -1.92225e-06, -2.08617e-07, -1, 1.08033e-06, 1, -2.08619e-07, 4.76837e-07, 0.141644, 4.91738e-07)

[node name="Physical Bone LeftHand" parent="x_bot/Armature/GeneralSkeleton/PhysicalBoneSimulator3D" index="14"]
transform = Transform3D(-1.43855e-06, 0.783609, -0.621254, 0.862117, 0.314796, 0.397061, 0.506709, -0.535593, -0.675563, 0.725663, 1.43269, -0.0576246)
joint_offset = Transform3D(1, 0, 0, 0, 1, 0, 0, 0, 1, -1.81468e-06, -4.4175e-06, 0.0198432)
body_offset = Transform3D(-0.506709, 0.535593, 0.675564, -7.4505e-08, 0.78361, -0.621253, -0.862117, -0.314795, -0.397062, -0.0134039, 0.0123311, 0.00787604)

[node name="Physical Bone RightUpperLeg" parent="x_bot/Armature/GeneralSkeleton/PhysicalBoneSimulator3D" index="15"]
transform = Transform3D(1, 6.05366e-07, 5.73454e-07, -5.67897e-07, -0.00913962, 0.999958, 6.10582e-07, -0.999958, -0.00913962, -0.0820781, 0.753334, -0.013967)
joint_offset = Transform3D(1, 0, 0, 0, 1, 0, 0, 0, 1, -7.68128e-09, 8.92556e-07, 0.221859)
body_offset = Transform3D(-1, -6.10983e-07, -1.03738e-09, -3.72597e-09, 0.007796, -0.99997, 6.10972e-07, -0.99997, -0.007796, -7.45058e-09, 0.221852, 0.0017305)

[node name="Physical Bone RightLowerLeg" parent="x_bot/Armature/GeneralSkeleton/PhysicalBoneSimulator3D" index="16"]
transform = Transform3D(-1, -1.55818e-07, 5.31949e-07, 5.41513e-07, -0.069682, 0.997569, -1.18372e-07, 0.997569, 0.069682, -0.0820783, 0.309353, -0.0274557)
joint_offset = Transform3D(1, 0, 0, 0, 1, 0, 0, 0, 1, 8.80391e-08, -7.84174e-07, 0.222676)
body_offset = Transform3D(-1, -1.15144e-07, -3.96024e-08, 3.16402e-08, 0.068346, -0.997662, 1.17581e-07, -0.997662, -0.068346, 9.68575e-08, 0.222155, 0.0152182)

[node name="Physical Bone RightFoot" parent="x_bot/Armature/GeneralSkeleton/PhysicalBoneSimulator3D" index="17"]
transform = Transform3D(-1, 1.02347e-06, 3.65129e-07, 1.02406e-06, 0.775203, 0.631712, 3.63491e-07, 0.631712, -0.775203, -0.082088, 0.0436536, 0.0105823)
joint_offset = Transform3D(1, 0, 0, 0, 1, 0, 0, 0, 1, -9.48576e-06, -1.17347e-06, 0.069081)
body_offset = Transform3D(1, -5.52005e-07, 1.69128e-08, 3.61819e-07, 0.631712, -0.775203, 4.17232e-07, 0.775203, 0.631712, 9.48459e-06, 0.0535525, -0.0436384)

[node name="Physical Bone LeftUpperLeg" parent="x_bot/Armature/GeneralSkeleton/PhysicalBoneSimulator3D" index="18"]
transform = Transform3D(1, 3.24286e-06, 1.44758e-07, -1.15179e-07, -0.00911955, 0.999958, 3.24404e-06, -0.999958, -0.00911955, 0.0820775, 0.753334, -0.0139712)
joint_offset = Transform3D(1, 0, 0, 0, 1, 0, 0, 0, 1, 2.76501e-07, 1.19989e-06, 0.221858)
body_offset = Transform3D(-1, -3.24801e-06, 4.06749e-07, -4.32134e-07, 0.00781939, -0.99997, 3.24473e-06, -0.999969, -0.00781939, 1.86265e-07, 0.221851, 0.00173599)

[node name="Physical Bone LeftLowerLeg" parent="x_bot/Armature/GeneralSkeleton/PhysicalBoneSimulator3D" index="19"]
transform = Transform3D(-1, -1.25034e-07, 5.14392e-07, 5.21853e-07, -0.0696695, 0.99757, -8.88925e-08, 0.99757, 0.0696695, 0.0820774, 0.309391, -0.0274606)
joint_offset = Transform3D(1, 0, 0, 0, 1, 0, 0, 0, 1, -4.5225e-08, 5.46686e-07, 0.222637)
body_offset = Transform3D(-1, -1.15115e-07, -3.58073e-08, 2.78524e-08, 0.0683753, -0.99766, 1.17294e-07, -0.99766, -0.0683753, -3.72529e-08, 0.222116, 0.0152234)

[node name="Physical Bone LeftFoot" parent="x_bot/Armature/GeneralSkeleton/PhysicalBoneSimulator3D" index="20"]
transform = Transform3D(-1, 9.89526e-07, 5.35278e-07, 1.10522e-06, 0.775204, 0.631711, 2.10146e-07, 0.631711, -0.775204, 0.0820872, 0.0436523, 0.0105832)
joint_offset = Transform3D(1, 0, 0, 0, 1, 0, 0, 0, 1, 9.90755e-06, -1.11759e-06, 0.0690809)
body_offset = Transform3D(1, -5.17268e-07, -1.90836e-07, 1.78827e-07, 0.631711, -0.775204, 5.21541e-07, 0.775204, 0.631711, -9.89437e-06, 0.0535525, -0.0436383)

[node name="CollisionShape3D" type="CollisionShape3D" parent="."]
transform = Transform3D(1, 0, 0, 0, 1, 0, 0, 0, 1, 0, 1, 0)
shape = SubResource("CapsuleShape3D_y8poy")

[node name="RollbackSynchronizer" type="Node" parent="." node_paths=PackedStringArray("root")]
script = ExtResource("2_ktqdq")
root = NodePath("..")
state_properties = Array[String](["RewindableStateMachine:state", ":transform", ":velocity", "x_bot:transform"])
input_properties = Array[String](["PlayerInput:input_dir", "PlayerInput:jump_input", "PlayerInput:run_input", "CameraInput:camera_basis", "PlayerInput:shoot_input"])
metadata/_custom_type_script = ExtResource("2_ktqdq")

[node name="TickInterpolator" type="Node" parent="." node_paths=PackedStringArray("root")]
script = ExtResource("4_a47yd")
root = NodePath("..")
properties = Array[String]([":transform", "x_bot:transform"])
metadata/_custom_type_script = ExtResource("4_a47yd")

[node name="RewindableStateMachine" type="Node" parent="."]
script = ExtResource("3_lo6j0")
metadata/_custom_type_script = ExtResource("3_lo6j0")

[node name="IdleState" type="Node" parent="RewindableStateMachine" node_paths=PackedStringArray("camera_input", "player_model", "player_input", "parent")]
script = ExtResource("5_4l86x")
animation_name = "rifle aiming idle"
camera_input = NodePath("../../CameraInput")
player_model = NodePath("../../x_bot")
player_input = NodePath("../../PlayerInput")
parent = NodePath("../..")

[node name="JumpState" type="Node" parent="RewindableStateMachine" node_paths=PackedStringArray("camera_input", "player_model", "player_input", "parent")]
script = ExtResource("6_a47yd")
animation_name = "strafe (2)"
camera_input = NodePath("../../CameraInput")
player_model = NodePath("../../x_bot")
player_input = NodePath("../../PlayerInput")
parent = NodePath("../..")

[node name="MoveState" type="Node" parent="RewindableStateMachine" node_paths=PackedStringArray("camera_input", "player_model", "player_input", "parent")]
script = ExtResource("8_a47yd")
animation_name = "rifle run"
camera_input = NodePath("../../CameraInput")
player_model = NodePath("../../x_bot")
player_input = NodePath("../../PlayerInput")
parent = NodePath("../..")

[node name="FallState" type="Node" parent="RewindableStateMachine" node_paths=PackedStringArray("camera_input", "player_model", "player_input", "parent")]
script = ExtResource("8_4l86x")
animation_name = "strafe"
camera_input = NodePath("../../CameraInput")
player_model = NodePath("../../x_bot")
player_input = NodePath("../../PlayerInput")
parent = NodePath("../..")

[node name="CameraInput" parent="." node_paths=PackedStringArray("rollback_synchronizer") instance=ExtResource("4_g37aj")]
rollback_synchronizer = NodePath("../RollbackSynchronizer")

[node name="PlayerInput" type="Node" parent="."]
script = ExtResource("10_kusnb")

[node name="PlayerUi" parent="." instance=ExtResource("12_ua4at")]

[node name="RightHandBoneAttachment" type="BoneAttachment3D" parent="."]
transform = Transform3D(-3.77201e-07, -1, -2.02998e-07, 6.32877e-06, 2.02996e-07, -1, 1, -3.77202e-07, 6.32877e-06, -0.713331, 1.44056, -0.0710277)
bone_name = "RightHand"
bone_idx = 11
use_external_skeleton = true
external_skeleton = NodePath("../x_bot/Armature/GeneralSkeleton")

[node name="WeaponPivot" type="Marker3D" parent="RightHandBoneAttachment"]
transform = Transform3D(-4.63333e-08, 1, 3.72529e-08, 4.84288e-08, -2.23517e-08, -1, -1, 4.65661e-09, -4.47035e-08, 0.452035, -0.19097, 0.270578)

[node name="WeaponsManager" parent="RightHandBoneAttachment/WeaponPivot" instance=ExtResource("13_nrabn")]

[node name="MultiplayerSynchronizer" type="MultiplayerSynchronizer" parent="."]
replication_config = SubResource("SceneReplicationConfig_nrabn")

[editable path="x_bot"]
