[gd_scene load_steps=22 format=3 uid="uid://dup2jh8uleo3l"]

[ext_resource type="Script" uid="uid://dc7w7oe3lm0eu" path="res://scripts/player.gd" id="1_u2qrv"]
[ext_resource type="Script" uid="uid://cfgvniwyo5waf" path="res://addons/netfox/rollback/rollback-synchronizer.gd" id="2_ktqdq"]
[ext_resource type="PackedScene" uid="uid://bnpcdhkiv5rja" path="res://assets/characters/x_bot/x_bot.tscn" id="2_xfltk"]
[ext_resource type="AnimationLibrary" uid="uid://dwwiklp7jxpkr" path="res://assets/characters/master/master_x_bot_animations.res" id="3_h5dd4"]
[ext_resource type="Script" uid="uid://btck2pi5uy6xp" path="res://addons/netfox.extras/state-machine/rewindable-state-machine.gd" id="3_lo6j0"]
[ext_resource type="Script" uid="uid://cgycqse80cops" path="res://addons/netfox/tick-interpolator.gd" id="4_a47yd"]
[ext_resource type="PackedScene" uid="uid://l1d8hwvn7hbq" path="res://scenes/player/camera_input.tscn" id="4_g37aj"]
[ext_resource type="Script" uid="uid://bbhybl3bvg0b6" path="res://scripts/states/movement/idle_state.gd" id="5_4l86x"]
[ext_resource type="Script" uid="uid://btj80uq43ccmt" path="res://scripts/states/movement/jump_state.gd" id="6_a47yd"]
[ext_resource type="Script" uid="uid://8ympfbj5i4hc" path="res://scripts/states/movement/fall_state.gd" id="8_4l86x"]
[ext_resource type="Script" uid="uid://dlfbk4aggn6u1" path="res://scripts/states/movement/move_state.gd" id="8_a47yd"]
[ext_resource type="Script" uid="uid://c8pgkna7f6aye" path="res://scripts/states/movement/ragdoll.gd" id="10_gjnd3"]
[ext_resource type="Script" uid="uid://c1xw0v7hky5kl" path="res://scripts/states/movement/movement_state.gd" id="10_jo6vb"]
[ext_resource type="Script" uid="uid://5oxt7p6a1uo8" path="res://scripts/player_input.gd" id="10_kusnb"]
[ext_resource type="PackedScene" uid="uid://btdemgg0e0b4o" path="res://scenes/player/player_ui.tscn" id="12_ua4at"]
[ext_resource type="PackedScene" uid="uid://cf6jco7ctb45m" path="res://weapons_manager.tscn" id="13_nrabn"]
[ext_resource type="AudioStream" uid="uid://c3o2in8ur76wn" path="res://assets/sound/hitmarker.mp3" id="14_kusnb"]
[ext_resource type="PackedScene" uid="uid://r31q8k2be4qk" path="res://scenes/player/player_interact_sensors/sensor_cast.tscn" id="17_2hvjq"]
[ext_resource type="PackedScene" uid="uid://cauerln6usbkh" path="res://assets/characters/master/master.glb" id="18_dtmr0"]

[sub_resource type="CapsuleShape3D" id="CapsuleShape3D_y8poy"]

[sub_resource type="SceneReplicationConfig" id="SceneReplicationConfig_nrabn"]
properties/0/path = NodePath("x_bot/AnimationPlayer:active")
properties/0/spawn = true
properties/0/replication_mode = 2
properties/1/path = NodePath("x_bot/Armature/GeneralSkeleton/PhysicalBoneSimulator3D:active")
properties/1/spawn = true
properties/1/replication_mode = 2

[node name="PlayerRootMotion" type="CharacterBody3D" node_paths=PackedStringArray("_player_input", "_camera_input", "_player_model", "_state_machine", "skeleton", "bones", "chest", "weapons_manager", "WeaponPivot")]
script = ExtResource("1_u2qrv")
_player_input = NodePath("PlayerInput")
_camera_input = NodePath("CameraInput")
_player_model = NodePath("master")
_state_machine = NodePath("RewindableStateMachine")
skeleton = NodePath("x_bot/Armature/GeneralSkeleton")
bones = NodePath("x_bot/Armature/GeneralSkeleton/PhysicalBoneSimulator3D")
chest = NodePath("x_bot/Armature/GeneralSkeleton/PhysicalBoneSimulator3D/Physical Bone Chest")
weapons_manager = NodePath("RightHandBoneAttachment/WeaponPivot/WeaponsManager")
WeaponPivot = NodePath("RightHandBoneAttachment/WeaponPivot")

[node name="master" parent="." instance=ExtResource("18_dtmr0")]

[node name="GeneralSkeleton" parent="master/Armature" index="0"]
bones/0/position = Vector3(-0.00283055, 0, 0.0133662)
bones/1/position = Vector3(0, 1.01903, -2.23517e-08)
bones/1/rotation = Quaternion(-0.11552, -0.338731, -0.0265804, 0.933386)
bones/2/rotation = Quaternion(0.0692606, -0.00133123, -0.000227033, 0.997598)
bones/3/rotation = Quaternion(0.142522, -0.000374602, -0.00615437, 0.989772)
bones/4/rotation = Quaternion(0.142545, -0.000948211, -0.00608049, 0.989769)
bones/5/rotation = Quaternion(0.000839571, 0.0647754, 0.00770991, 0.99787)
bones/6/rotation = Quaternion(-0.0356644, 0.190825, 0.0902566, 0.976815)
bones/8/rotation = Quaternion(0.603015, 0.664871, 0.315986, -0.307363)
bones/9/rotation = Quaternion(0.221232, 0.807129, -0.472438, 0.276409)
bones/10/rotation = Quaternion(0.384824, -0.593221, 0.384824, 0.59322)
bones/11/rotation = Quaternion(-0.271524, -0.163346, -0.129229, 0.939624)
bones/12/rotation = Quaternion(-0.169154, 0.723829, 0.146449, 0.652695)
bones/13/rotation = Quaternion(-0.02386, 0.173515, 0.0459108, 0.983471)
bones/14/rotation = Quaternion(-0.0834685, -0.0231829, -0.0364165, 0.995575)
bones/16/rotation = Quaternion(0.315084, -0.0126078, -0.0319867, 0.948441)
bones/17/rotation = Quaternion(0.499451, 6.09457e-05, -0.0511822, 0.864829)
bones/18/rotation = Quaternion(0.209056, -2.14577e-06, -0.0214235, 0.977669)
bones/20/rotation = Quaternion(0.441256, -0.0180839, -0.0446573, 0.896087)
bones/21/rotation = Quaternion(0.535757, -1.0848e-05, -0.0549028, 0.842586)
bones/22/rotation = Quaternion(0.154932, 3.15905e-06, -0.0158769, 0.987798)
bones/24/rotation = Quaternion(0.507392, -0.0259737, -0.0427747, 0.860261)
bones/25/rotation = Quaternion(0.586003, 7.60704e-06, -0.0600517, 0.808081)
bones/26/rotation = Quaternion(0.22264, 2.44379e-06, -0.0228152, 0.974634)
bones/28/rotation = Quaternion(0.591462, -0.0671363, 0.00186333, 0.803531)
bones/29/rotation = Quaternion(0.528812, 0.0019384, -0.0541912, 0.847005)
bones/30/rotation = Quaternion(0.122177, 0.000431821, -0.0125205, 0.992429)
bones/32/rotation = Quaternion(0.661913, -0.613257, -0.214907, -0.373633)
bones/33/rotation = Quaternion(-0.551358, 0.659672, -0.49428, 0.12855)
bones/34/rotation = Quaternion(0.538195, 0.458635, -0.538195, 0.458635)
bones/35/rotation = Quaternion(-0.285969, -0.342043, 0.059464, 0.893136)
bones/36/rotation = Quaternion(-0.107142, -0.70512, -0.261052, 0.650522)
bones/37/rotation = Quaternion(0.135537, -0.264811, 0.0290011, 0.954287)
bones/38/rotation = Quaternion(0.404885, -0.239731, 0.141384, 0.870981)
bones/39/position = Vector3(0.0171447, 0.0341316, 0.00313893)
bones/40/rotation = Quaternion(0.101801, 0.00597191, -0.016321, 0.994653)
bones/41/rotation = Quaternion(0.283309, 5.21537e-05, 0.0230808, 0.958751)
bones/42/rotation = Quaternion(0.257289, 1.61456e-06, 0.0209609, 0.966107)
bones/44/rotation = Quaternion(0.435215, 0.000296454, 0.0690954, 0.897671)
bones/45/rotation = Quaternion(0.819937, 0.000571313, 0.0667991, 0.568543)
bones/46/rotation = Quaternion(0.164561, 8.63461e-06, 0.0134067, 0.986276)
bones/48/rotation = Quaternion(0.477073, 0.0365612, 0.00604832, 0.878082)
bones/49/rotation = Quaternion(0.761676, -9.96785e-05, 0.0620525, 0.64498)
bones/50/rotation = Quaternion(0.424792, -0.000151449, 0.0346072, 0.904629)
bones/52/rotation = Quaternion(0.534563, 0.0453433, 0.00584389, 0.843891)
bones/53/rotation = Quaternion(0.656918, 0.00179522, 0.0535182, 0.752058)
bones/54/rotation = Quaternion(0.500093, 0.0008692, 0.0407421, 0.865013)
bones/56/rotation = Quaternion(0.0450944, -0.0350926, 0.99719, 0.0484496)
bones/57/rotation = Quaternion(-0.00995253, 0.963353, -0.267999, -0.00534555)
bones/58/rotation = Quaternion(-0.0580976, 0.558982, -0.814613, -0.143423)
bones/59/rotation = Quaternion(1.05267e-07, 0.999998, 0.00220539, 1.29824e-10)
bones/61/rotation = Quaternion(0.394623, 0.070521, 0.904397, -0.146172)
bones/62/rotation = Quaternion(0.00402902, 0.982576, -0.185694, 0.00680818)
bones/63/rotation = Quaternion(-0.00556463, 0.727387, -0.685873, 0.0213313)
bones/64/rotation = Quaternion(-1.01903e-07, 0.999998, 0.001773, 6.5966e-05)

[node name="AnimationPlayer" parent="master" index="1"]
root_motion_track = NodePath("%GeneralSkeleton:Root")
root_motion_local = false
libraries = {
&"master_x_bot_animations": ExtResource("3_h5dd4")
}

[node name="x_bot" parent="." instance=ExtResource("2_xfltk")]
visible = false

[node name="GeneralSkeleton" parent="x_bot/Armature" index="0"]
bones/1/position = Vector3(-3.82272e-12, 0.868765, -4.47035e-08)
bones/1/rotation = Quaternion(0.0670461, -0.0536784, -0.0107935, 0.996246)
bones/2/rotation = Quaternion(0.0787562, -0.064376, 0.0127298, 0.994732)
bones/3/rotation = Quaternion(0.0286323, -0.0192945, 0.00757313, 0.999375)
bones/4/rotation = Quaternion(0.0286278, -0.019373, 0.00741661, 0.999375)
bones/5/rotation = Quaternion(0.0460337, 0.0245221, 0.0203042, 0.998432)
bones/6/rotation = Quaternion(-0.0190678, 0.115902, 0.113764, 0.98654)
bones/8/rotation = Quaternion(0.484903, -0.509053, -0.522769, -0.482128)
bones/9/rotation = Quaternion(-0.502008, 0.708276, -0.474499, -0.14555)
bones/10/rotation = Quaternion(0.570582, 0.417655, -0.570582, 0.417655)
bones/11/rotation = Quaternion(-0.388859, -0.53523, 0.128361, 0.73881)
bones/12/rotation = Quaternion(-0.10576, -0.705063, -0.257016, 0.652414)
bones/13/rotation = Quaternion(0.122528, -0.275274, 0.0299101, 0.953057)
bones/14/rotation = Quaternion(0.402575, -0.238829, 0.140517, 0.872439)
bones/16/rotation = Quaternion(0.113157, 0.00660911, -0.0144452, 0.99345)
bones/17/rotation = Quaternion(0.28295, 5.21541e-05, 0.0230515, 0.958858)
bones/18/rotation = Quaternion(0.2567, 1.59442e-06, 0.020913, 0.966265)
bones/20/rotation = Quaternion(0.436773, 0.000304986, 0.0691788, 0.896908)
bones/21/rotation = Quaternion(0.81932, 0.000570787, 0.0667489, 0.569438)
bones/22/rotation = Quaternion(0.163247, 8.5349e-06, 0.0132997, 0.986496)
bones/24/rotation = Quaternion(0.478897, 0.0368466, 0.00596974, 0.877077)
bones/25/rotation = Quaternion(0.760818, -9.95348e-05, 0.0619826, 0.645999)
bones/26/rotation = Quaternion(0.424966, -0.000151366, 0.0346213, 0.904547)
bones/28/rotation = Quaternion(0.534548, 0.044815, 0.00668279, 0.843923)
bones/29/rotation = Quaternion(0.658191, 0.00179879, 0.053622, 0.750937)
bones/30/rotation = Quaternion(0.497517, 0.000864659, 0.0405322, 0.866506)
bones/32/rotation = Quaternion(0.316109, 0.647326, 0.532904, -0.443912)
bones/33/rotation = Quaternion(0.365376, 0.735202, -0.265168, 0.505633)
bones/34/rotation = Quaternion(0.26736, -0.654614, 0.26736, 0.654613)
bones/35/rotation = Quaternion(-0.148206, -0.338153, -0.131263, 0.920031)
bones/36/rotation = Quaternion(-0.168546, 0.724582, 0.145531, 0.652222)
bones/37/rotation = Quaternion(-0.02386, 0.173514, 0.045911, 0.983471)
bones/38/rotation = Quaternion(-0.0850372, -0.0232621, -0.0368512, 0.995424)
bones/40/rotation = Quaternion(0.313406, -0.0125254, -0.0318495, 0.949002)
bones/41/rotation = Quaternion(0.500114, 6.1109e-05, -0.0512501, 0.864442)
bones/42/rotation = Quaternion(0.209707, -2.18943e-06, -0.0214901, 0.977528)
bones/44/rotation = Quaternion(0.439032, -0.0180553, -0.0442917, 0.897197)
bones/45/rotation = Quaternion(0.535699, -1.08033e-05, -0.0548968, 0.842623)
bones/46/rotation = Quaternion(0.154862, 2.87781e-06, -0.0158696, 0.987809)
bones/48/rotation = Quaternion(0.506258, -0.0258783, -0.0427116, 0.860935)
bones/49/rotation = Quaternion(0.586744, 7.60349e-06, -0.0601277, 0.807537)
bones/50/rotation = Quaternion(0.22264, 2.44379e-06, -0.0228153, 0.974634)
bones/52/rotation = Quaternion(0.591117, -0.0671312, 0.00196759, 0.803785)
bones/53/rotation = Quaternion(0.529352, 0.00194047, -0.0542466, 0.846664)
bones/54/rotation = Quaternion(0.122809, 0.00043401, -0.0125853, 0.99235)
bones/56/rotation = Quaternion(0.0624702, 0.5369, 0.840733, -0.031678)
bones/57/rotation = Quaternion(0.0181887, 0.793934, -0.607615, -0.0119258)
bones/58/rotation = Quaternion(-0.0419843, 0.669328, -0.725017, -0.156803)
bones/59/rotation = Quaternion(1.16071e-09, 0.997198, 0.0748017, 2.85864e-08)
bones/61/rotation = Quaternion(0.0723023, 0.183284, 0.979592, 0.0397295)
bones/62/rotation = Quaternion(-0.00786118, 0.854959, -0.515625, 0.0557991)
bones/63/rotation = Quaternion(0.0654273, 0.479725, -0.872631, 0.0640139)
bones/64/rotation = Quaternion(0.000506088, 0.98985, 0.142034, 0.00480297)

[node name="Physical Bone Hips" parent="x_bot/Armature/GeneralSkeleton/PhysicalBoneSimulator3D" index="0"]
transform = Transform3D(-0.994, 0.108616, -0.0129063, 0.0287091, 0.145216, -0.988983, -0.105545, -0.98342, -0.147463, 0.000657074, 0.919115, 0.0075075)
joint_offset = Transform3D(1, 0, 0, 0, 1, 0, 0, 0, 1, 1.0543e-08, 7.66013e-08, 0.050911)
body_offset = Transform3D(-1, 3.87728e-05, 4.26546e-07, 7.63685e-08, 0.0129168, -0.999916, -3.87728e-05, -0.999916, -0.0129168, -1.11759e-08, 0.0509067, 0.000657685)

[node name="Physical Bone Spine" parent="x_bot/Armature/GeneralSkeleton/PhysicalBoneSimulator3D" index="1"]
transform = Transform3D(0.97156, -0.236773, 0.0031547, -0.0306377, -0.138905, -0.989832, 0.234804, 0.961584, -0.142209, 0.00115628, 1.01897, 0.0221276)
joint_offset = Transform3D(1, 0, 0, 0, 1, 0, 0, 0, 1, 9.5927e-08, -9.03383e-08, 0.0500134)
body_offset = Transform3D(1, 1.49012e-08, -5.58794e-08, -6.70552e-08, 0.147032, -0.989132, 1.49012e-08, 0.989132, 0.147032, -9.31323e-08, 0.0494698, -0.00735348)

[node name="Physical Bone Chest" parent="x_bot/Armature/GeneralSkeleton/PhysicalBoneSimulator3D" index="2"]
transform = Transform3D(0.961077, -0.274975, 0.0268164, -0.0281936, -0.194168, -0.980563, 0.274837, 0.941641, -0.194363, -0.000251172, 1.11418, 0.0382986)
joint_offset = Transform3D(1, 0, 0, 0, 1, 0, 0, 0, 1, -7.73608e-10, 3.78117e-07, 0.0466089)
body_offset = Transform3D(1, 1.49012e-07, -6.33299e-08, -1.11759e-07, 0.147032, -0.989132, -1.49012e-07, 0.989132, 0.147032, 3.72529e-09, 0.0461023, -0.00685337)

[node name="Physical Bone UpperChest" parent="x_bot/Armature/GeneralSkeleton/PhysicalBoneSimulator3D" index="3"]
transform = Transform3D(0.948839, -0.309969, 0.0601979, -0.0284213, -0.273708, -0.961393, 0.314479, 0.910496, -0.268514, -0.00657769, 1.24096, 0.0700011)
joint_offset = Transform3D(1, 0, 0, 0, 1, 0, 0, 0, 1, 2.54037e-07, 8.84756e-08, 0.0843259)
body_offset = Transform3D(1, -5.06639e-07, -9.68575e-08, -5.21541e-08, 0.121494, -0.992592, 5.36442e-07, 0.992592, 0.121494, -2.45869e-07, 0.0837013, -0.0102452)

[node name="Physical Bone Neck" parent="x_bot/Armature/GeneralSkeleton/PhysicalBoneSimulator3D" index="4"]
transform = Transform3D(-0.956892, 0.210197, 0.200435, -0.0293551, 0.616576, -0.786748, -0.288956, -0.758717, -0.583827, -0.0214417, 1.36044, 0.121155)
joint_offset = Transform3D(1, 0, 0, 0, 1, 0, 0, 0, 1, -1.55094e-07, 5.08409e-06, 0.0488271)
body_offset = Transform3D(-1, 1.3411e-07, 1.04308e-07, -5.96046e-08, 0.172566, -0.984998, -1.49012e-07, -0.984998, -0.172566, -1.60187e-07, 0.0480937, 0.0084309)

[node name="Physical Bone Head" parent="x_bot/Armature/GeneralSkeleton/PhysicalBoneSimulator3D" index="5"]
transform = Transform3D(-0.92726, -0.091273, 0.363123, -0.331625, 0.650443, -0.683336, -0.173821, -0.754051, -0.633398, -0.0734903, 1.47838, 0.223376)
joint_offset = Transform3D(1, 0, 0, 0, 1, 0, 0, 0, 1, -4.81603e-08, 1.6652e-06, 0.116394)
body_offset = Transform3D(-1, 3.8743e-07, -1.43796e-06, 1.51247e-06, 0.322225, -0.946663, 1.49012e-07, -0.946663, -0.322225, 1.19209e-07, 0.110185, 0.0375066)

[node name="Physical Bone RightShoulder" parent="x_bot/Armature/GeneralSkeleton/PhysicalBoneSimulator3D" index="6"]
transform = Transform3D(-0.0587702, -0.455683, 0.8882, 0.983841, -0.177176, -0.0257998, 0.169124, 0.872331, 0.458732, -0.097234, 1.27242, 0.0308443)
joint_offset = Transform3D(1, 0, 0, 0, 1, 0, 0, 0, 1, 4.79398e-06, 8.90985e-07, 0.0541911)
body_offset = Transform3D(0.228884, -0.951419, -0.205948, -1.28523e-06, 0.211564, -0.977364, 0.973454, 0.223703, 0.0484223, 0.0111603, 0.0529642, -0.00262892)

[node name="Physical Bone RightUpperArm" parent="x_bot/Armature/GeneralSkeleton/PhysicalBoneSimulator3D" index="7"]
transform = Transform3D(0.365796, 0.912248, 0.184383, 0.451829, -0.347265, 0.82174, 0.813661, -0.217279, -0.539208, -0.171025, 1.15943, 0.0810478)
joint_offset = Transform3D(1, 0, 0, 0, 1, 0, 0, 0, 1, -1.08229e-06, -9.6731e-06, 0.139208)
body_offset = Transform3D(1, -5.06639e-07, 9.23872e-07, 7.7486e-07, 4.76837e-07, -1, 4.32134e-07, 1, 5.51343e-07, 9.53674e-07, 0.139208, 9.59635e-06)

[node name="Physical Bone RightLowerArm" parent="x_bot/Armature/GeneralSkeleton/PhysicalBoneSimulator3D" index="8"]
transform = Transform3D(-0.912248, 0.0651934, -0.404418, 0.347266, 0.646735, -0.679073, 0.21728, -0.759923, -0.612622, -0.139427, 1.14123, 0.24289)
joint_offset = Transform3D(1, 0, 0, 0, 1, 0, 0, 0, 1, -1.10591e-05, 1.51971e-07, 0.141648)
body_offset = Transform3D(1, -1.49012e-08, 1.49012e-06, 1.53482e-06, -9.83477e-07, -1, -1.04308e-07, 1, -1.07288e-06, 1.0848e-05, 0.141648, 0)

[node name="Physical Bone RightHand" parent="x_bot/Armature/GeneralSkeleton/PhysicalBoneSimulator3D" index="9"]
transform = Transform3D(0.895388, -0.264153, -0.358473, -0.444963, -0.500107, -0.7429, 0.0169645, 0.824691, -0.565329, -0.0750231, 1.25215, 0.340876)
joint_offset = Transform3D(1, 0, 0, 0, 1, 0, 0, 0, 1, 6.08619e-07, 6.34231e-07, 0.0198408)
body_offset = Transform3D(-0.506167, -0.535718, -0.675871, 3.53903e-08, 0.783677, -0.621169, 0.862436, -0.314415, -0.396671, 0.0134104, 0.012324, 0.00786994)

[node name="Physical Bone LeftShoulder" parent="x_bot/Armature/GeneralSkeleton/PhysicalBoneSimulator3D" index="10"]
transform = Transform3D(0.151235, -0.54386, -0.825436, -0.982967, -0.170954, -0.06746, -0.104423, 0.821579, -0.56045, 0.0823535, 1.27209, 0.11482)
joint_offset = Transform3D(1, 0, 0, 0, 1, 0, 0, 0, 1, 4.07198e-06, -1.0021e-06, 0.0541883)
body_offset = Transform3D(0.22879, 0.951439, 0.205958, 1.11759e-07, 0.21157, -0.977363, -0.973476, 0.223611, 0.0484049, -0.0111605, 0.0529618, -0.00261879)

[node name="Physical Bone LeftUpperArm" parent="x_bot/Armature/GeneralSkeleton/PhysicalBoneSimulator3D" index="11"]
transform = Transform3D(0.620266, -0.776672, 0.109774, -0.760969, -0.561878, 0.324375, -0.190253, -0.284733, -0.939538, 0.111802, 1.23059, 0.27598)
joint_offset = Transform3D(1, 0, 0, 0, 1, 0, 0, 0, 1, 1.09197e-06, -3.85565e-07, 0.139208)
body_offset = Transform3D(1, 5.96046e-07, 1.14739e-06, 1.11759e-06, -7.15256e-07, -1, -6.4075e-07, 1, -6.55651e-07, -1.2517e-06, 0.139208, 4.76837e-07)

[node name="Physical Bone LeftLowerArm" parent="x_bot/Armature/GeneralSkeleton/PhysicalBoneSimulator3D" index="12"]
transform = Transform3D(-0.776673, -0.366064, 0.512617, -0.561877, 0.770474, -0.301104, -0.284735, -0.521887, -0.804089, 0.0239125, 1.22808, 0.520665)
joint_offset = Transform3D(1, 0, 0, 0, 1, 0, 0, 0, 1, 5.93009e-07, -2.24065e-07, 0.141644)
body_offset = Transform3D(1, -8.19564e-07, -2.5034e-06, -2.5332e-06, -2.29478e-06, -1, 8.9407e-07, 1, -2.20537e-06, -2.38419e-07, 0.141644, 5.36442e-07)

[node name="Physical Bone LeftHand" parent="x_bot/Armature/GeneralSkeleton/PhysicalBoneSimulator3D" index="13"]
transform = Transform3D(0.374641, -0.923248, -0.0851951, -0.886313, -0.32964, -0.32525, 0.272203, 0.197361, -0.941783, -0.0470072, 1.27718, 0.653252)
joint_offset = Transform3D(1, 0, 0, 0, 1, 0, 0, 0, 1, -4.62728e-06, -3.05753e-06, 0.0198456)
body_offset = Transform3D(-0.506709, 0.535593, 0.675564, -3.72529e-07, 0.78361, -0.621253, -0.862117, -0.314795, -0.397062, -0.0134076, 0.0123315, 0.00787497)

[node name="Physical Bone RightUpperLeg" parent="x_bot/Armature/GeneralSkeleton/PhysicalBoneSimulator3D" index="14"]
transform = Transform3D(0.999127, -0.0383878, -0.0164604, -0.023695, -0.845473, 0.533493, -0.0343964, -0.532637, -0.845644, -0.077166, 0.687987, 0.154096)
joint_offset = Transform3D(1, 0, 0, 0, 1, 0, 0, 0, 1, 2.19514e-08, 9.49251e-07, 0.221857)
body_offset = Transform3D(-1, 6.55651e-07, -3.53903e-08, 5.7742e-08, 0.00779554, -0.99997, -6.51926e-07, -0.99997, -0.00779551, 2.98023e-08, 0.221851, 0.00173044)

[node name="Physical Bone RightLowerLeg" parent="x_bot/Armature/GeneralSkeleton/PhysicalBoneSimulator3D" index="15"]
transform = Transform3D(-0.998761, -0.0185545, 0.0461741, 0.0497608, -0.364422, 0.929903, -0.000426952, 0.931049, 0.364894, -0.0837945, 0.362594, 0.260467)
joint_offset = Transform3D(1, 0, 0, 0, 1, 0, 0, 0, 1, -1.84337e-07, 4.90807e-07, 0.22264)
body_offset = Transform3D(-1, -3.59083e-07, -3.92916e-07, 3.59942e-07, 0.0683528, -0.997661, 4.02011e-07, -0.997661, -0.0683525, -9.68575e-08, 0.222119, 0.0152185)

[node name="Physical Bone RightFoot" parent="x_bot/Armature/GeneralSkeleton/PhysicalBoneSimulator3D" index="16"]
transform = Transform3D(-0.950071, -0.264657, 0.165293, -0.0346839, 0.616015, 0.78697, -0.3101, 0.741945, -0.594438, -0.105495, 0.101194, 0.220295)
joint_offset = Transform3D(1, 0, 0, 0, 1, 0, 0, 0, 1, -8.99951e-07, -3.8743e-07, 0.0690842)
body_offset = Transform3D(1, 2.98023e-08, -2.38419e-07, -2.38419e-07, 0.631739, -0.775181, 1.63913e-07, 0.775181, 0.631739, 9.16421e-07, 0.053553, -0.0436429)

[node name="Physical Bone LeftUpperLeg" parent="x_bot/Armature/GeneralSkeleton/PhysicalBoneSimulator3D" index="17"]
transform = Transform3D(0.992758, -0.061158, 0.103401, -0.11486, -0.231013, 0.966147, -0.0352008, -0.971027, -0.236364, 0.0594143, 0.587287, 0.0362446)
joint_offset = Transform3D(1, 0, 0, 0, 1, 0, 0, 0, 1, -5.6794e-07, 3.27872e-06, 0.221857)
body_offset = Transform3D(-1, -3.71039e-06, 7.63685e-08, -1.04308e-07, 0.00781877, -0.999969, 3.67314e-06, -0.999969, -0.00781882, -5.84871e-07, 0.22185, 0.00173794)

[node name="Physical Bone LeftLowerLeg" parent="x_bot/Armature/GeneralSkeleton/PhysicalBoneSimulator3D" index="18"]
transform = Transform3D(-0.988557, 0.0291086, 0.148009, 0.064932, -0.803531, 0.591711, 0.136154, 0.594551, 0.792447, 0.0035206, 0.241202, -0.0877488)
joint_offset = Transform3D(1, 0, 0, 0, 1, 0, 0, 0, 1, -4.69418e-08, 1.49012e-08, 0.222639)
body_offset = Transform3D(-1, 2.98023e-07, -1.56462e-07, 1.19209e-07, 0.0683702, -0.99766, -3.20375e-07, -0.99766, -0.0683703, -1.21072e-08, 0.222118, 0.0152219)

[node name="Physical Bone LeftFoot" parent="x_bot/Armature/GeneralSkeleton/PhysicalBoneSimulator3D" index="19"]
transform = Transform3D(-0.957985, 0.217324, -0.187177, -0.0382425, 0.549987, 0.834297, 0.284257, 0.806403, -0.518568, -0.0165006, 0.0518274, -0.228355)
joint_offset = Transform3D(1, 0, 0, 0, 1, 0, 0, 0, 1, 9.97691e-07, 6.66827e-07, 0.0690834)
body_offset = Transform3D(1, -6.10948e-07, 3.8743e-07, 8.04663e-07, 0.631739, -0.775181, 2.38419e-07, 0.775181, 0.631739, -1.02445e-06, 0.0535517, -0.0436432)

[node name="AnimationPlayer" parent="x_bot" index="1"]
libraries = {
&"": ExtResource("3_h5dd4")
}

[node name="CollisionShape3D" type="CollisionShape3D" parent="."]
transform = Transform3D(1, 0, 0, 0, 1, 0, 0, 0, 1, 0, 1, 0)
shape = SubResource("CapsuleShape3D_y8poy")

[node name="RollbackSynchronizer" type="Node" parent="." node_paths=PackedStringArray("root")]
script = ExtResource("2_ktqdq")
root = NodePath("..")
enable_prediction = true
state_properties = Array[String](["RewindableStateMachine:state", ":transform", "x_bot:transform", ":velocity", "master:transform"])
input_properties = Array[String](["PlayerInput:input_dir", "PlayerInput:jump_input", "PlayerInput:run_input", "CameraInput:camera_basis", "PlayerInput:shoot_input", "CameraInput:camera_look"])
metadata/_custom_type_script = ExtResource("2_ktqdq")

[node name="MultiplayerSynchronizer" type="MultiplayerSynchronizer" parent="."]
replication_config = SubResource("SceneReplicationConfig_nrabn")

[node name="TickInterpolator" type="Node" parent="." node_paths=PackedStringArray("root")]
script = ExtResource("4_a47yd")
root = NodePath("..")
properties = Array[String]([":transform", "master:transform"])
metadata/_custom_type_script = ExtResource("4_a47yd")

[node name="RewindableStateMachine" type="Node" parent="."]
script = ExtResource("3_lo6j0")
metadata/_custom_type_script = ExtResource("3_lo6j0")

[node name="IdleState" type="Node" parent="RewindableStateMachine" node_paths=PackedStringArray("camera_input", "player_input", "parent")]
script = ExtResource("5_4l86x")
animation_name = "rifle aiming idle"
camera_input = NodePath("../../CameraInput")
player_input = NodePath("../../PlayerInput")
parent = NodePath("../..")

[node name="JumpState" type="Node" parent="RewindableStateMachine" node_paths=PackedStringArray("camera_input", "player_input", "parent")]
script = ExtResource("6_a47yd")
animation_name = "walking"
camera_input = NodePath("../../CameraInput")
player_input = NodePath("../../PlayerInput")
parent = NodePath("../..")

[node name="MoveState" type="Node" parent="RewindableStateMachine" node_paths=PackedStringArray("camera_input", "player_input", "parent")]
script = ExtResource("8_a47yd")
animation_name = "rifle run"
camera_input = NodePath("../../CameraInput")
player_input = NodePath("../../PlayerInput")
parent = NodePath("../..")

[node name="FallState" type="Node" parent="RewindableStateMachine" node_paths=PackedStringArray("camera_input", "player_input", "parent")]
script = ExtResource("8_4l86x")
animation_name = "walking"
camera_input = NodePath("../../CameraInput")
player_input = NodePath("../../PlayerInput")
parent = NodePath("../..")

[node name="Ragdoll" type="Node" parent="RewindableStateMachine" node_paths=PackedStringArray("camera_input", "player_input", "parent")]
script = ExtResource("10_gjnd3")
camera_input = NodePath("../../CameraInput")
player_input = NodePath("../../PlayerInput")
parent = NodePath("../..")
metadata/_custom_type_script = ExtResource("10_jo6vb")

[node name="CameraInput" parent="." node_paths=PackedStringArray("rollback_synchronizer") instance=ExtResource("4_g37aj")]
rollback_synchronizer = NodePath("../RollbackSynchronizer")

[node name="PlayerInput" type="Node" parent="."]
script = ExtResource("10_kusnb")

[node name="PlayerUi" parent="." instance=ExtResource("12_ua4at")]

[node name="RightHandBoneAttachment" type="BoneAttachment3D" parent="."]
transform = Transform3D(-0.704021, -0.69219, -0.158832, -0.145933, -0.0778748, 0.986225, -0.695024, 0.717501, -0.0461878, -0.0155138, 1.43998, 0.495842)
bone_name = "RightHand"
bone_idx = 11
use_external_skeleton = true
external_skeleton = NodePath("../master/Armature/GeneralSkeleton")

[node name="WeaponPivot" type="Marker3D" parent="RightHandBoneAttachment"]

[node name="WeaponPivotAdjuster" type="Marker3D" parent="RightHandBoneAttachment/WeaponPivot"]
transform = Transform3D(1, 0, 1.49012e-08, 0, 1, 1.11759e-08, -1.86265e-08, -3.72529e-09, 1, 0, 0, 0)

[node name="WeaponsManager" parent="RightHandBoneAttachment/WeaponPivot" node_paths=PackedStringArray("player_hud", "player") instance=ExtResource("13_nrabn")]
transform = Transform3D(1, 0, 0, 0, -4.37114e-08, -1, 0, 1, -4.37114e-08, 0.410812, -0.213233, 0.115377)
player_hud = NodePath("../../../PlayerUi")
player = NodePath("../../..")

[node name="blasterP2" parent="RightHandBoneAttachment/WeaponPivot/WeaponsManager/Weapons_Models" index="5"]
transform = Transform3D(-0.97237, -0.233408, -0.00407487, 0, 0.0174555, -0.999848, 0.233443, -0.972222, -0.0169732, 0.32, 1.014, -0.35)

[node name="Hitmarker" type="AudioStreamPlayer3D" parent="."]
transform = Transform3D(1, 0, 0, 0, 1, 0, 0, 0, 1, 0, 1.50861, 0)
stream = ExtResource("14_kusnb")
volume_db = -18.0
pitch_scale = 1.4

[node name="SensorCast" parent="." instance=ExtResource("17_2hvjq")]
script = null

[node name="RootMotionView" type="RootMotionView" parent="."]
animation_path = NodePath("../master/AnimationPlayer")

[editable path="master"]
[editable path="x_bot"]
[editable path="RightHandBoneAttachment/WeaponPivot/WeaponsManager"]
