[gd_scene load_steps=22 format=3 uid="uid://dup2jh8uleo3l"]

[ext_resource type="Script" uid="uid://dc7w7oe3lm0eu" path="res://scripts/player.gd" id="1_u2qrv"]
[ext_resource type="Script" uid="uid://cfgvniwyo5waf" path="res://addons/netfox/rollback/rollback-synchronizer.gd" id="2_ktqdq"]
[ext_resource type="PackedScene" uid="uid://0by3fcnl3a5n" path="res://assets/characters/master/master_scene.tscn" id="2_v7wsi"]
[ext_resource type="Script" uid="uid://btck2pi5uy6xp" path="res://addons/netfox.extras/state-machine/rewindable-state-machine.gd" id="3_lo6j0"]
[ext_resource type="Script" uid="uid://cgycqse80cops" path="res://addons/netfox/tick-interpolator.gd" id="4_a47yd"]
[ext_resource type="PackedScene" uid="uid://l1d8hwvn7hbq" path="res://scenes/player/camera_input.tscn" id="4_g37aj"]
[ext_resource type="Script" uid="uid://bbhybl3bvg0b6" path="res://scripts/states/movement/idle_state.gd" id="5_4l86x"]
[ext_resource type="Script" uid="uid://btj80uq43ccmt" path="res://scripts/states/movement/jump_state.gd" id="6_a47yd"]
[ext_resource type="Script" uid="uid://8ympfbj5i4hc" path="res://scripts/states/movement/fall_state.gd" id="8_4l86x"]
[ext_resource type="Script" uid="uid://dlfbk4aggn6u1" path="res://scripts/states/movement/move_state.gd" id="8_a47yd"]
[ext_resource type="Script" uid="uid://c8pgkna7f6aye" path="res://scripts/states/movement/ragdoll.gd" id="10_gjnd3"]
[ext_resource type="Script" uid="uid://c1xw0v7hky5kl" path="res://scripts/states/movement/movement_state.gd" id="10_jo6vb"]
[ext_resource type="Script" uid="uid://5oxt7p6a1uo8" path="res://scripts/player_input.gd" id="10_kusnb"]
[ext_resource type="PackedScene" uid="uid://btdemgg0e0b4o" path="res://scenes/player/player_ui.tscn" id="12_ua4at"]
[ext_resource type="PackedScene" uid="uid://cf6jco7ctb45m" path="res://weapons_manager.tscn" id="13_nrabn"]
[ext_resource type="AudioStream" uid="uid://c3o2in8ur76wn" path="res://assets/sound/hitmarker.mp3" id="14_kusnb"]
[ext_resource type="PackedScene" uid="uid://r31q8k2be4qk" path="res://scenes/player/player_interact_sensors/sensor_cast.tscn" id="17_2hvjq"]
[ext_resource type="Shader" uid="uid://k1t5yooesun6" path="res://scripts/shaders/snow.gdshader" id="22_db8q1"]

[sub_resource type="CapsuleShape3D" id="CapsuleShape3D_y8poy"]
radius = 0.4

[sub_resource type="SceneReplicationConfig" id="SceneReplicationConfig_nrabn"]
properties/0/path = NodePath("master/AnimationPlayer:active")
properties/0/spawn = true
properties/0/replication_mode = 2
properties/1/path = NodePath("master/Armature/GeneralSkeleton/PhysicalBoneSimulator3D:active")
properties/1/spawn = true
properties/1/replication_mode = 2

[sub_resource type="ShaderMaterial" id="ShaderMaterial_v7wsi"]
shader = ExtResource("22_db8q1")
shader_parameter/spread = 0.5
shader_parameter/size = 0.5
shader_parameter/snow_color = Color(0.489412, 0.647688, 1, 0.482353)
shader_parameter/snow_transparency = 0.6
shader_parameter/speed = 2.0
shader_parameter/wind = 0.6
shader_parameter/num_of_layers = 40

[node name="PlayerRootMotion" type="CharacterBody3D" node_paths=PackedStringArray("_player_input", "_camera_input", "_player_model", "_state_machine", "skeleton", "bones", "chest", "snow_shader", "weapons_manager", "WeaponPivot")]
script = ExtResource("1_u2qrv")
_player_input = NodePath("PlayerInput")
_camera_input = NodePath("CameraInput")
_player_model = NodePath("master")
_state_machine = NodePath("RewindableStateMachine")
skeleton = NodePath("master/Armature/GeneralSkeleton")
bones = NodePath("master/Armature/GeneralSkeleton/PhysicalBoneSimulator3D")
chest = NodePath("master/Armature/GeneralSkeleton/PhysicalBoneSimulator3D/Physical Bone Chest")
snow_shader = NodePath("Shaders/SnowShader")
weapons_manager = NodePath("RightHandBoneAttachment/WeaponPivot/WeaponPivotFinal/WeaponsManager")
WeaponPivot = NodePath("RightHandBoneAttachment/WeaponPivot")

[node name="master" parent="." instance=ExtResource("2_v7wsi")]

[node name="GeneralSkeleton" parent="master/Armature" index="0"]
bones/0/position = Vector3(-0.00283055, 0, 0.0133662)
bones/1/position = Vector3(0, 1.06126, -2.32831e-08)
bones/1/rotation = Quaternion(1.82322e-07, 2.23274e-08, -9.84778e-07, 1)
bones/2/rotation = Quaternion(-1.39698e-09, -2.23269e-08, 7.34268e-07, 1)
bones/3/rotation = Quaternion(1.11967e-20, 3.91909e-14, -6.77902e-13, 1)
bones/4/rotation = Quaternion(-7.45058e-09, -7.91034e-16, -1.05471e-14, 1)
bones/5/rotation = Quaternion(3.72529e-09, -4.44089e-14, -2.29039e-13, 1)
bones/6/rotation = Quaternion(-3.17637e-22, -8.88178e-16, 1.43219e-14, 1)
bones/8/rotation = Quaternion(0.5, 0.5, 0.5, -0.5)
bones/9/rotation = Quaternion(-8.79168e-07, 1, 9.98378e-07, -2.98023e-08)
bones/10/rotation = Quaternion(-4.21468e-08, -0.707107, 8.42937e-08, 0.707107)
bones/11/rotation = Quaternion(5.45042e-07, 0.707107, 5.45042e-07, 0.707107)
bones/12/rotation = Quaternion(-0.210905, 0.676919, 0.210144, 0.673156)
bones/13/rotation = Quaternion(-0.00757469, -0.00376609, -0.000403136, 0.999964)
bones/14/rotation = Quaternion(-0.00560211, -0.00278677, -0.000284195, 0.99998)
bones/16/rotation = Quaternion(-8.34465e-07, 1.3411e-07, 4.45694e-05, 1)
bones/17/rotation = Quaternion(-1.04308e-07, -5.96046e-08, -0.00010477, 1)
bones/18/rotation = Quaternion(2.98023e-08, -2.98023e-08, 6.63102e-05, 1)
bones/20/rotation = Quaternion(0, 5.96046e-08, 3.14116e-05, 1)
bones/21/rotation = Quaternion(-4.47035e-08, 0, -2.09659e-05, 1)
bones/22/rotation = Quaternion(1.49012e-08, 8.9407e-08, -2.09212e-05, 1)
bones/24/rotation = Quaternion(-8.19564e-07, 5.96046e-08, -6.12438e-06, 1)
bones/25/rotation = Quaternion(2.98023e-08, -2.98023e-08, 2.98023e-08, 1)
bones/26/rotation = Quaternion(0, 5.96046e-08, -1.19209e-07, 1)
bones/28/rotation = Quaternion(5.1409e-06, 1.19209e-07, -0.00204465, 0.999998)
bones/29/rotation = Quaternion(-7.7486e-07, -5.96046e-08, 0.000210404, 1)
bones/30/rotation = Quaternion(8.9407e-08, 1.49012e-08, 6.69211e-05, 1)
bones/32/rotation = Quaternion(0.5, -0.5, -0.5, -0.5)
bones/33/rotation = Quaternion(-2.08616e-07, 1, -8.9407e-08, -5.0664e-07)
bones/34/rotation = Quaternion(-4.21468e-08, 0.707107, -4.21468e-08, 0.707107)
bones/35/rotation = Quaternion(-1.96582e-07, -0.707105, 3.65169e-07, 0.707109)
bones/36/rotation = Quaternion(-0.210382, -0.677397, -0.209507, 0.673037)
bones/37/rotation = Quaternion(-0.00857145, 0.00425966, 0.000481129, 0.999954)
bones/38/rotation = Quaternion(-0.00636509, 0.00315905, 0.0003995, 0.999975)
bones/39/position = Vector3(0.0171298, 0.0341361, 0.00314566)
bones/40/rotation = Quaternion(8.9407e-07, 5.96046e-08, 0.000164017, 1)
bones/41/rotation = Quaternion(-8.9407e-08, -2.98023e-08, -0.000255644, 1)
bones/42/rotation = Quaternion(-4.47035e-08, 5.96046e-08, 8.80808e-05, 1)
bones/44/rotation = Quaternion(9.23872e-07, 2.98023e-08, 0.000501722, 1)
bones/45/rotation = Quaternion(-8.9407e-08, 2.98023e-08, -0.000850022, 1)
bones/46/rotation = Quaternion(-2.98023e-08, -2.98023e-08, 0.000322014, 1)
bones/48/rotation = Quaternion(-2.98023e-08, 2.98023e-08, -0.000156373, 1)
bones/49/rotation = Quaternion(-2.98023e-08, 2.98023e-08, 0.000221595, 1)
bones/50/rotation = Quaternion(0, 0, 0.000112653, 1)
bones/52/rotation = Quaternion(-4.55976e-06, 1.49012e-08, -0.000520244, 1)
bones/53/rotation = Quaternion(1.49012e-07, -2.98023e-08, -0.000846416, 1)
bones/54/rotation = Quaternion(1.49012e-08, 8.9407e-08, 0.000496611, 1)
bones/56/rotation = Quaternion(-2.26045e-08, 0.000672017, 1, -6.98541e-07)
bones/57/rotation = Quaternion(2.75893e-10, 0.999999, -0.00134145, -5.66826e-10)
bones/58/rotation = Quaternion(-1.11124e-08, 0.706633, -0.70758, 1.28085e-08)
bones/59/rotation = Quaternion(6.52983e-11, 1, 2.98023e-08, 3.71547e-12)
bones/61/rotation = Quaternion(-2.27273e-08, 0.000650286, 1, -7.08998e-07)
bones/62/rotation = Quaternion(-9.88683e-10, 0.999999, -0.00129878, 1.41577e-08)
bones/63/rotation = Quaternion(-1.10569e-08, 0.706648, -0.707565, 1.30782e-08)
bones/64/rotation = Quaternion(1.17033e-10, 1, 0, 9.26995e-10)

[node name="Physical Bone Root" parent="master/Armature/GeneralSkeleton/PhysicalBoneSimulator3D" index="0"]
transform = Transform3D(-0.989631, -0.143624, -0.0015202, 0, 0.010584, -0.999944, 0.143632, -0.989576, -0.0104743, -0.00202381, 0.530652, 0.0189247)
joint_offset = Transform3D(1, 0, 0, 0, 1, 0, 0, 0, 1, -3.14321e-09, -4.19095e-09, 0.530682)
body_offset = Transform3D(-0.989631, -0.143624, -0.0015202, 0, 0.010584, -0.999944, 0.143632, -0.989576, -0.0104743, 0.000806739, 0.530652, 0.00555849)

[node name="Physical Bone Hips" parent="master/Armature/GeneralSkeleton/PhysicalBoneSimulator3D" index="1"]
transform = Transform3D(-1, 4.10692e-05, -2.15806e-06, 2.68855e-06, 0.0129216, -0.999917, -4.10378e-05, -0.999917, -0.0129216, -0.0028324, 1.11215, 0.0140241)
joint_offset = Transform3D(1, 0, 0, 0, 1, 0, 0, 0, 1, -1.96162e-06, 2.52505e-07, 0.0508997)
body_offset = Transform3D(-1, 4.10884e-05, -1.88086e-07, 7.18981e-07, 0.0129212, -0.999917, -4.10825e-05, -0.999917, -0.0129212, -1.95205e-06, 0.0508955, 0.000657937)

[node name="Physical Bone Spine" parent="master/Armature/GeneralSkeleton/PhysicalBoneSimulator3D" index="2"]
transform = Transform3D(1, 1.1457e-05, 1.71734e-05, 1.53017e-05, 0.147072, -0.989126, -1.38581e-05, 0.989126, 0.147072, -0.00321191, 1.20563, -0.00790827)
joint_offset = Transform3D(1, 0, 0, 0, 1, 0, 0, 0, 1, -5.22167e-07, -3.553e-07, 0.0500042)
body_offset = Transform3D(1, 1.13833e-05, 1.7669e-05, 1.58027e-05, 0.147072, -0.989126, -1.38581e-05, 0.989126, 0.147072, -3.61353e-07, 0.0494605, -0.00735387)

[node name="Physical Bone Chest" parent="master/Armature/GeneralSkeleton/PhysicalBoneSimulator3D" index="3"]
transform = Transform3D(1, -3.13832e-06, -3.41351e-06, -2.91501e-06, 0.147023, -0.989133, 3.60608e-06, 0.989133, 0.147023, -0.00365323, 1.313, -0.0236481)
joint_offset = Transform3D(1, 0, 0, 0, 1, 0, 0, 0, 1, -4.33937e-07, -1.31642e-06, 0.0466209)
body_offset = Transform3D(1, -3.21198e-06, -2.91793e-06, -2.41399e-06, 0.147023, -0.989133, 3.60608e-06, 0.989133, 0.147023, 5.69969e-07, 0.0461144, -0.00685304)

[node name="Physical Bone UpperChest" parent="master/Armature/GeneralSkeleton/PhysicalBoneSimulator3D" index="4"]
transform = Transform3D(1, -1.08361e-05, -2.47657e-06, -1.14178e-06, 0.121488, -0.992593, 1.10567e-05, 0.992593, 0.121488, -0.00415961, 1.47712, -0.0456018)
joint_offset = Transform3D(1, 0, 0, 0, 1, 0, 0, 0, 1, 5.67383e-07, 2.29478e-06, 0.0843188)
body_offset = Transform3D(1, -1.0897e-05, -1.97926e-06, -6.4075e-07, 0.121488, -0.992593, 1.10567e-05, 0.992593, 0.121488, -4.00469e-07, 0.083694, -0.010246)

[node name="Physical Bone Neck" parent="master/Armature/GeneralSkeleton/PhysicalBoneSimulator3D" index="5"]
transform = Transform3D(-1, 2.14961e-06, -3.20306e-06, 3.52596e-06, 0.172568, -0.984998, -1.56462e-06, -0.984998, -0.172568, -0.00472748, 1.58387, -0.0478112)
joint_offset = Transform3D(1, 0, 0, 0, 1, 0, 0, 0, 1, 2.25346e-07, 5.27129e-07, 0.0488211)
body_offset = Transform3D(-1, 2.06315e-06, -2.70956e-06, 3.02494e-06, 0.172568, -0.984998, -1.56462e-06, -0.984998, -0.172568, 3.57628e-07, 0.0480886, 0.00842547)

[node name="Physical Bone Head" parent="master/Armature/GeneralSkeleton/PhysicalBoneSimulator3D" index="6"]
transform = Transform3D(-1, -7.86476e-07, 7.61371e-07, -9.74187e-07, 0.32223, -0.946661, 4.99189e-07, -0.946661, -0.32223, -0.0047262, 1.67878, -0.0155909)
joint_offset = Transform3D(1, 0, 0, 0, 1, 0, 0, 0, 1, 1.72568e-06, 5.44637e-06, 0.116399)
body_offset = Transform3D(-1, -9.4792e-07, 1.23567e-06, -1.47521e-06, 0.32223, -0.946662, 4.99189e-07, -0.946662, -0.32223, 1.58185e-06, 0.110189, 0.0375125)

[node name="Physical Bone LeftShoulder" parent="master/Armature/GeneralSkeleton/PhysicalBoneSimulator3D" index="7"]
transform = Transform3D(1.96593e-07, 0.211568, -0.977363, -0.973476, 0.22361, 0.0484043, 0.228789, 0.95144, 0.205957, 0.116089, 1.50959, -0.0671019)
joint_offset = Transform3D(1, 0, 0, 0, 1, 0, 0, 0, 1, 0.00118573, -0.000270964, 0.0541281)
body_offset = Transform3D(0.228789, 0.95144, 0.205957, 9.16421e-07, 0.211568, -0.977363, -0.973476, 0.22361, 0.0484035, -0.0111615, 0.0529601, -0.00140512)

[node name="Physical Bone LeftUpperArm" parent="master/Armature/GeneralSkeleton/PhysicalBoneSimulator3D" index="8"]
transform = Transform3D(3.2179e-05, -8.36894e-06, -1, 5.59619e-05, -1, 8.37074e-06, -1, -5.59621e-05, -3.21785e-05, 0.343273, 1.47796, -0.0553515)
joint_offset = Transform3D(1, 0, 0, 0, 1, 0, 0, 0, 1, -8.11259e-06, -0.00122413, 0.139203)
body_offset = Transform3D(1, 5.60324e-05, 3.39369e-05, 3.39374e-05, -9.62615e-06, -1, -5.60321e-05, 1, -9.62805e-06, 3.45707e-06, 0.139203, 0.00122547)

[node name="Physical Bone LeftLowerArm" parent="master/Armature/GeneralSkeleton/PhysicalBoneSimulator3D" index="9"]
transform = Transform3D(2.06198e-06, -3.39747e-06, -1, -1, -1.75594e-07, -2.06198e-06, -1.75587e-07, 1, -3.39747e-06, 0.577321, 1.47918, -0.0553452)
joint_offset = Transform3D(1, 0, 0, 0, 1, 0, 0, 0, 1, -3.27068e-07, -2.48561e-06, 0.141648)
body_offset = Transform3D(1, 3.65081e-07, 6.25847e-07, 6.25849e-07, -5.0962e-06, -1, -3.65078e-07, 1, -5.0962e-06, 2.38419e-07, 0.141648, 3.20747e-06)

[node name="Physical Bone LeftHand" parent="master/Armature/GeneralSkeleton/PhysicalBoneSimulator3D" index="10"]
transform = Transform3D(-2.08236e-06, 0.783612, -0.62125, 0.862111, 0.3148, 0.39707, 0.506719, -0.535586, -0.675562, 0.688087, 1.47139, -0.041903)
joint_offset = Transform3D(1, 0, 0, 0, 1, 0, 0, 0, 1, -9.74671e-05, 0.000487883, 0.0194428)
body_offset = Transform3D(-0.506719, 0.535586, 0.675562, -9.23872e-07, 0.783613, -0.621249, -0.862112, -0.314799, -0.397071, -0.0134455, 0.0116965, 0.00778973)

[node name="Physical Bone LeftThumbMetacarpal" parent="master/Armature/GeneralSkeleton/PhysicalBoneSimulator3D" index="11"]
transform = Transform3D(-0.558607, 0.279919, -0.780771, -0.186036, 0.875065, 0.446825, 0.8083, 0.394851, -0.436742, 0.733224, 1.45127, -0.0318099)
joint_offset = Transform3D(1, 0, 0, 0, 1, 0, 0, 0, 1, -1.85764e-06, 2.8983e-06, 0.0193425)
body_offset = Transform3D(-0.180725, 0.876201, 0.446779, 6.73532e-06, 0.454536, -0.891411, -0.984132, -0.161097, -0.0821517, -0.0086447, 0.0172408, 0.00158766)

[node name="Physical Bone LeftThumbProximal" parent="master/Armature/GeneralSkeleton/PhysicalBoneSimulator3D" index="12"]
transform = Transform3D(-0.571475, 0.277199, -0.772384, -0.178589, 0.876651, 0.446754, 0.800951, 0.393248, -0.451479, 0.766531, 1.43242, -0.0127321)
joint_offset = Transform3D(1, 0, 0, 0, 1, 0, 0, 0, 1, 6.80106e-05, -0.000292954, 0.0234022)
body_offset = Transform3D(-0.180691, 0.876207, 0.44678, 5.75185e-06, 0.454534, -0.891412, -0.98414, -0.16106, -0.0821311, -0.0101867, 0.0209942, 0.0019418)

[node name="Physical Bone LeftThumbDistal" parent="master/Armature/GeneralSkeleton/PhysicalBoneSimulator3D" index="13"]
transform = Transform3D(-0.580903, 0.275211, -0.766036, -0.173129, 0.877798, 0.446651, 0.795348, 0.392084, -0.462268, 0.799381, 1.41297, 0.00677115)
joint_offset = Transform3D(1, 0, 0, 0, 1, 0, 0, 0, 1, -1.38639e-05, 7.60896e-06, 0.0191634)
body_offset = Transform3D(-0.180716, 0.876198, 0.446788, 1.81794e-06, 0.454542, -0.891408, -0.984136, -0.161077, -0.0821374, -0.00857115, 0.0170789, 0.00156161)

[node name="Physical Bone LeftIndexProximal" parent="master/Armature/GeneralSkeleton/PhysicalBoneSimulator3D" index="14"]
transform = Transform3D(0.000108383, 2.19702e-05, -1, 2.64199e-06, -1, -2.19699e-05, -1, -2.63961e-06, -0.000108383, 0.839326, 1.4752, -0.0267939)
joint_offset = Transform3D(1, 0, 0, 0, 1, 0, 0, 0, 1, -2.19266e-06, 1.24332e-06, 0.0162418)
body_offset = Transform3D(1, 2.205e-06, 1.94013e-05, 1.94013e-05, 1.88649e-05, -1, -2.20537e-06, 1, 1.88649e-05, 1.87755e-06, 0.0162418, -1.54972e-06)

[node name="Physical Bone LeftIndexIntermediate" parent="master/Armature/GeneralSkeleton/PhysicalBoneSimulator3D" index="15"]
transform = Transform3D(-9.7119e-05, 2.47169e-06, -1, 1.09161e-06, -1, -2.47179e-06, -1, -1.09185e-06, 9.7119e-05, 0.868873, 1.4752, -0.0267543)
joint_offset = Transform3D(1, 0, 0, 0, 1, 0, 0, 0, 1, 3.71199e-05, 6.07275e-07, 0.0133029)
body_offset = Transform3D(1, 7.7488e-07, 2.34395e-05, 2.34395e-05, -8.41908e-07, -1, -7.7486e-07, 1, -8.41926e-07, -3.74317e-05, 0.0133029, -5.96046e-07)

[node name="Physical Bone LeftIndexDistal" parent="master/Armature/GeneralSkeleton/PhysicalBoneSimulator3D" index="16"]
transform = Transform3D(1.77541e-05, 6.33862e-06, -1, -1.59706e-07, -1, -6.33863e-06, -1, 1.59819e-07, -1.77541e-05, 0.900061, 1.47397, -0.0268002)
joint_offset = Transform3D(1, 0, 0, 0, 1, 0, 0, 0, 1, -7.60511e-06, -0.00122243, 0.0178956)
body_offset = Transform3D(1, -4.17251e-07, 5.69224e-06, 5.69225e-06, 3.08454e-06, -1, 4.17233e-07, 1, 3.08454e-06, 7.50273e-06, 0.0178956, 0.00122237)

[node name="Physical Bone LeftMiddleProximal" parent="master/Armature/GeneralSkeleton/PhysicalBoneSimulator3D" index="17"]
transform = Transform3D(6.3381e-06, -0.000552786, -1, 0.0011239, -0.999999, 0.000552793, -0.999999, -0.0011239, -5.71681e-06, 0.83678, 1.47918, -0.0553457)
joint_offset = Transform3D(1, 0, 0, 0, 1, 0, 0, 0, 1, 2.498e-06, 8.31711e-06, 0.0162921)
body_offset = Transform3D(1, 0.00112358, -5.69492e-05, -5.63264e-05, -0.000554293, -1, -0.00112361, 0.999999, -0.000554229, -1.57952e-06, 0.0162921, 7.15256e-07)

[node name="Physical Bone LeftMiddleIntermediate" parent="master/Armature/GeneralSkeleton/PhysicalBoneSimulator3D" index="18"]
transform = Transform3D(3.06287e-05, 2.73807e-07, -1, -1.32194e-06, -1, -2.73847e-07, -1, 1.32195e-06, -3.06287e-05, 0.866302, 1.47917, -0.0553465)
joint_offset = Transform3D(1, 0, 0, 0, 1, 0, 0, 0, 1, -9.61586e-07, -8.80493e-06, 0.0132229)
body_offset = Transform3D(1, -1.60932e-06, 9.89438e-06, 9.89437e-06, -1.2517e-06, -1, 1.60933e-06, 1, -1.25168e-06, 8.3074e-07, 0.0132229, 8.82149e-06)

[node name="Physical Bone LeftMiddleDistal" parent="master/Armature/GeneralSkeleton/PhysicalBoneSimulator3D" index="19"]
transform = Transform3D(-9.36604e-06, -2.11027e-06, -1, -3.25915e-06, -1, 2.1103e-06, -1, 3.25917e-06, 9.36604e-06, 0.897844, 1.47918, -0.0553481)
joint_offset = Transform3D(1, 0, 0, 0, 1, 0, 0, 0, 1, -2.83826e-06, 2.21201e-06, 0.0183663)
body_offset = Transform3D(1, -3.72525e-06, 1.17421e-05, 1.17421e-05, -3.60608e-06, -1, 3.72529e-06, 1, -3.60604e-06, 2.6226e-06, 0.0183663, -2.14577e-06)

[node name="Physical Bone LeftRingProximal" parent="master/Armature/GeneralSkeleton/PhysicalBoneSimulator3D" index="20"]
transform = Transform3D(0.000452095, 2.99205e-05, -1, -0.000655809, -1, -3.0217e-05, -1, 0.000655823, -0.000452075, 0.821891, 1.4824, -0.0883981)
joint_offset = Transform3D(1, 0, 0, 0, 1, 0, 0, 0, 1, -6.34214e-06, -3.10639e-06, 0.0135857)
body_offset = Transform3D(1, -0.00065611, 0.000464481, 0.000464499, 2.68371e-05, -1, 0.000656098, 1, 2.71418e-05, 2.98023e-08, 0.0135857, 2.74181e-06)

[node name="Physical Bone LeftRingIntermediate" parent="master/Armature/GeneralSkeleton/PhysicalBoneSimulator3D" index="21"]
transform = Transform3D(-2.93336e-05, 1.42065e-05, -1, -6.36605e-07, -1, -1.42064e-05, -1, 6.36188e-07, 2.93336e-05, 0.846156, 1.4824, -0.0883981)
joint_offset = Transform3D(1, 0, 0, 0, 1, 0, 0, 0, 1, 1.73886e-07, -4.64942e-06, 0.0106751)
body_offset = Transform3D(1, -8.64077e-07, -1.69873e-05, -1.69873e-05, 1.11908e-05, -1, 8.64267e-07, 1, 1.11908e-05, 7.45058e-09, 0.0106751, 4.52995e-06)

[node name="Physical Bone LeftRingDistal" parent="master/Armature/GeneralSkeleton/PhysicalBoneSimulator3D" index="22"]
transform = Transform3D(-2.08399e-05, -4.74779e-06, -1, -4.7642e-06, -1, 4.74789e-06, -1, 4.7643e-06, 2.08399e-05, 0.87076, 1.4824, -0.0883997)
joint_offset = Transform3D(1, 0, 0, 0, 1, 0, 0, 0, 1, -7.26931e-07, -8.11726e-06, 0.0139337)
body_offset = Transform3D(1, -5.11117e-06, -8.25521e-06, -8.25525e-06, -7.7635e-06, -1, 5.1111e-06, 1, -7.76354e-06, 8.41916e-07, 0.0139337, 8.22544e-06)

[node name="Physical Bone LeftLittleProximal" parent="master/Armature/GeneralSkeleton/PhysicalBoneSimulator3D" index="23"]
transform = Transform3D(-0.00407782, -1.11191e-05, -0.999992, -1.21848e-05, -1, 1.11689e-05, -0.999992, 1.22302e-05, 0.00407782, 0.800748, 1.47402, -0.111537)
joint_offset = Transform3D(1, 0, 0, 0, 1, 0, 0, 0, 1, -1.42267e-05, 4.95598e-07, 0.00799412)
body_offset = Transform3D(1, -1.26064e-05, 1.1622e-05, 1.16229e-05, -2.32458e-06, -1, 1.26064e-05, 1, -2.32443e-06, 1.41338e-05, 0.00799412, -4.76837e-07)

[node name="Physical Bone LeftLittleIntermediate" parent="master/Armature/GeneralSkeleton/PhysicalBoneSimulator3D" index="24"]
transform = Transform3D(-0.00366327, -9.06223e-06, -0.999993, -5.6614e-06, -1, 9.08303e-06, -0.999993, 5.69464e-06, 0.00366327, 0.815704, 1.47402, -0.111597)
joint_offset = Transform3D(1, 0, 0, 0, 1, 0, 0, 0, 1, -1.59464e-05, 2.39744e-06, 0.00735682)
body_offset = Transform3D(1, -5.96045e-06, 5.36349e-06, 5.36442e-06, -1.78814e-06, -1, 5.96046e-06, 1, -1.78811e-06, 1.5907e-05, 0.00735682, -2.38419e-06)

[node name="Physical Bone LeftLittleDistal" parent="master/Armature/GeneralSkeleton/PhysicalBoneSimulator3D" index="25"]
transform = Transform3D(-0.00352472, -1.7369e-05, -0.999994, -8.16582e-06, -1, 1.73979e-05, -0.999994, 8.2271e-06, 0.00352472, 0.832076, 1.4728, -0.111639)
joint_offset = Transform3D(1, 0, 0, 0, 1, 0, 0, 0, 1, 5.61498e-07, -0.00121478, 0.00832225)
body_offset = Transform3D(1, -8.49356e-06, 1.00737e-05, 1.00743e-05, -9.92417e-06, -1, 8.49366e-06, 1, -9.92409e-06, -6.55651e-07, 0.00832224, 0.00121486)

[node name="Physical Bone RightShoulder" parent="master/Armature/GeneralSkeleton/PhysicalBoneSimulator3D" index="26"]
transform = Transform3D(3.74481e-07, -0.211562, 0.977365, 0.973454, 0.223701, 0.0484223, -0.228882, 0.95142, 0.205946, -0.124412, 1.50837, -0.0671036)
joint_offset = Transform3D(1, 0, 0, 0, 1, 0, 0, 0, 1, -2.68011e-06, 1.96614e-06, 0.0541925)
body_offset = Transform3D(0.228882, -0.95142, -0.205946, 5.7742e-07, 0.211562, -0.977365, 0.973454, 0.223701, 0.0484233, 0.0111632, 0.0529654, -0.00262201)

[node name="Physical Bone RightUpperArm" parent="master/Armature/GeneralSkeleton/PhysicalBoneSimulator3D" index="27"]
transform = Transform3D(-6.88434e-06, -1.17158e-06, 1, -1.53903e-06, -1, -1.17159e-06, 1, -1.53904e-06, 6.88434e-06, -0.351493, 1.4791, -0.0553557)
joint_offset = Transform3D(1, 0, 0, 0, 1, 0, 0, 0, 1, 6.97115e-06, -8.9578e-05, 0.139104)
body_offset = Transform3D(1, -2.20537e-06, 7.30157e-06, 7.30157e-06, 3.7253e-07, -1, 2.20537e-06, 1, 3.72546e-07, -7.98702e-06, 0.139104, 8.95262e-05)

[node name="Physical Bone RightLowerArm" parent="master/Armature/GeneralSkeleton/PhysicalBoneSimulator3D" index="28"]
transform = Transform3D(2.94482e-06, -1.01924e-05, 1, 1, 1.05379e-06, -2.94481e-06, -1.05376e-06, 1, 1.01924e-05, -0.585638, 1.4792, -0.0553539)
joint_offset = Transform3D(1, 0, 0, 0, 1, 0, 0, 0, 1, -1.24683e-05, 4.75568e-06, 0.141646)
body_offset = Transform3D(1, 2.68243e-07, -2.02656e-06, -2.02656e-06, 1.06096e-05, -1, -2.68221e-07, 1, 1.06096e-05, 1.27554e-05, 0.141646, -6.25849e-06)

[node name="Physical Bone RightHand" parent="master/Armature/GeneralSkeleton/PhysicalBoneSimulator3D" index="29"]
transform = Transform3D(7.17542e-07, -0.78397, 0.620799, -0.862437, 0.314226, 0.396818, -0.506164, -0.5354, -0.676124, -0.697036, 1.47132, -0.0419429)
joint_offset = Transform3D(1, 0, 0, 0, 1, 0, 0, 0, 1, -1.06776e-06, -1.5026e-05, 0.0198384)
body_offset = Transform3D(-0.50617, -0.535398, -0.676122, -1.11293e-06, 0.78397, -0.620798, 0.862434, -0.314229, -0.396823, 0.0134046, 0.0123274, 0.00786853)

[node name="Physical Bone RightThumbMetacarpal" parent="master/Armature/GeneralSkeleton/PhysicalBoneSimulator3D" index="30"]
transform = Transform3D(-0.55717, -0.280268, 0.781673, 0.186888, 0.87485, 0.446889, -0.809095, 0.395079, -0.435061, -0.741571, 1.45135, -0.0318363)
joint_offset = Transform3D(1, 0, 0, 0, 1, 0, 0, 0, 1, -1.39895e-05, -6.97321e-05, 0.0193181)
body_offset = Transform3D(-0.180745, -0.876167, -0.446836, 2.98917e-05, 0.45459, -0.891383, 0.984128, -0.161127, -0.0821388, 0.00856841, 0.0172516, 0.0015893)

[node name="Physical Bone RightThumbProximal" parent="master/Armature/GeneralSkeleton/PhysicalBoneSimulator3D" index="31"]
transform = Transform3D(-0.571701, -0.277024, 0.77228, 0.178476, 0.876743, 0.446618, -0.800815, 0.393165, -0.451793, -0.774875, 1.43208, -0.0127895)
joint_offset = Transform3D(1, 0, 0, 0, 1, 0, 0, 0, 1, -2.99083e-06, 9.35665e-06, 0.023548)
body_offset = Transform3D(-0.180717, -0.87625, -0.446684, -3.45707e-06, 0.454438, -0.891461, 0.984135, -0.161091, -0.082123, 0.0105262, 0.0209879, 0.00193828)

[node name="Physical Bone RightThumbDistal" parent="master/Armature/GeneralSkeleton/PhysicalBoneSimulator3D" index="32"]
transform = Transform3D(-0.58238, -0.274742, 0.765082, 0.172267, 0.878072, 0.446446, -0.794455, 0.391799, -0.464042, -0.807701, 1.41264, 0.00673179)
joint_offset = Transform3D(1, 0, 0, 0, 1, 0, 0, 0, 1, 6.03958e-05, 0.000319666, 0.0192988)
body_offset = Transform3D(-0.180723, -0.876198, -0.446784, -4.61936e-06, 0.454538, -0.89141, 0.984135, -0.16108, -0.0821416, 0.0089134, 0.0170578, 0.00157729)

[node name="Physical Bone RightIndexProximal" parent="master/Armature/GeneralSkeleton/PhysicalBoneSimulator3D" index="33"]
transform = Transform3D(-0.000316275, -1.91647e-06, 1, 5.83325e-06, -1, -1.91463e-06, 1, 5.83265e-06, 0.000316275, -0.847646, 1.4752, -0.026796)
joint_offset = Transform3D(1, 0, 0, 0, 1, 0, 0, 0, 1, -1.82942e-06, 1.89287e-07, 0.0162427)
body_offset = Transform3D(1, -5.55031e-07, -1.21368e-05, -1.21369e-05, 3.02494e-06, -1, 5.55068e-07, 1, 3.02493e-06, 2.02656e-06, 0.0162427, -2.38419e-07)

[node name="Physical Bone RightIndexIntermediate" parent="master/Armature/GeneralSkeleton/PhysicalBoneSimulator3D" index="34"]
transform = Transform3D(0.000207129, -2.82662e-06, 1, 7.78563e-07, -1, -2.82679e-06, 1, 7.79148e-07, -0.000207129, -0.877189, 1.4752, -0.0267633)
joint_offset = Transform3D(1, 0, 0, 0, 1, 0, 0, 0, 1, -3.68726e-05, 6.65519e-07, 0.0133001)
body_offset = Transform3D(1, -5.55059e-06, -2.42517e-05, -2.42517e-05, 3.75508e-06, -1, 5.55068e-06, 1, 3.75495e-06, 3.71952e-05, 0.0133001, -7.15256e-07)

[node name="Physical Bone RightIndexDistal" parent="master/Armature/GeneralSkeleton/PhysicalBoneSimulator3D" index="35"]
transform = Transform3D(1.33216e-05, -1.4249e-06, 1, 6.20241e-06, -1, -1.42498e-06, 1, 6.20243e-06, -1.33216e-05, -0.908651, 1.47519, -0.0267293)
joint_offset = Transform3D(1, 0, 0, 0, 1, 0, 0, 0, 1, -6.80677e-05, -1.59085e-06, 0.0181656)
body_offset = Transform3D(1, -2.45857e-07, -6.60586e-06, -6.60587e-06, 2.26498e-06, -1, 2.45871e-07, 1, 2.26498e-06, 6.81877e-05, 0.0181656, 1.54972e-06)

[node name="Physical Bone RightMiddleProximal" parent="master/Armature/GeneralSkeleton/PhysicalBoneSimulator3D" index="36"]
transform = Transform3D(-0.00099347, -9.67075e-06, 1, -3.00704e-06, -1, -9.67374e-06, 1, -3.01665e-06, 0.00099347, -0.8451, 1.47919, -0.0553563)
joint_offset = Transform3D(1, 0, 0, 0, 1, 0, 0, 0, 1, -7.47562e-06, 2.0883e-06, 0.0162935)
body_offset = Transform3D(1, -9.33547e-06, -1.03511e-05, -1.03511e-05, 1.0848e-05, -1, 9.33558e-06, 1, 1.08479e-05, 7.6443e-06, 0.0162935, -2.26498e-06)

[node name="Physical Bone RightMiddleIntermediate" parent="master/Armature/GeneralSkeleton/PhysicalBoneSimulator3D" index="37"]
transform = Transform3D(0.000720115, -4.16399e-06, 1, 1.03411e-05, -1, -4.17144e-06, 1, 1.03441e-05, -0.000720115, -0.874665, 1.47919, -0.0553268)
joint_offset = Transform3D(1, 0, 0, 0, 1, 0, 0, 0, 1, -4.35446e-05, 2.1964e-06, 0.0132669)
body_offset = Transform3D(1, 3.95126e-06, -2.38921e-05, -2.38921e-05, 5.1558e-06, -1, -3.95114e-06, 1, 5.15589e-06, 4.38616e-05, 0.0132669, -2.26498e-06)

[node name="Physical Bone RightMiddleDistal" parent="master/Armature/GeneralSkeleton/PhysicalBoneSimulator3D" index="38"]
transform = Transform3D(6.37241e-05, -5.9028e-06, 1, 5.51834e-06, -1, -5.90315e-06, 1, 5.51871e-06, -6.37241e-05, -0.906153, 1.47919, -0.0553875)
joint_offset = Transform3D(1, 0, 0, 0, 1, 0, 0, 0, 1, 2.74063e-05, 3.09321e-06, 0.0183571)
body_offset = Transform3D(1, -8.11337e-07, -1.15298e-05, -1.15298e-05, 6.83218e-06, -1, 8.11415e-07, 1, 6.83217e-06, -2.71946e-05, 0.0183571, -3.21865e-06)

[node name="Physical Bone RightRingProximal" parent="master/Armature/GeneralSkeleton/PhysicalBoneSimulator3D" index="39"]
transform = Transform3D(0.000317997, -6.60923e-06, 1, 1.03817e-05, -1, -6.61253e-06, 1, 1.03838e-05, -0.000317997, -0.830211, 1.48241, -0.0883884)
joint_offset = Transform3D(1, 0, 0, 0, 1, 0, 0, 0, 1, -4.33427e-06, 2.66202e-06, 0.0135876)
body_offset = Transform3D(1, 4.05315e-06, -5.62912e-06, -5.62906e-06, 5.87106e-06, -1, -4.05312e-06, 1, 5.87108e-06, 4.41074e-06, 0.0135876, -2.74181e-06)

[node name="Physical Bone RightRingIntermediate" parent="master/Armature/GeneralSkeleton/PhysicalBoneSimulator3D" index="40"]
transform = Transform3D(-0.000157406, -1.03955e-05, 1, 7.182e-06, -1, -1.03944e-05, 1, 7.18037e-06, 0.000157406, -0.854454, 1.48241, -0.0884409)
joint_offset = Transform3D(1, 0, 0, 0, 1, 0, 0, 0, 1, 5.08575e-05, 7.28877e-06, 0.0106543)
body_offset = Transform3D(1, 7.93232e-07, 2.65837e-05, 2.65837e-05, 9.59635e-06, -1, -7.93486e-07, 1, 9.59633e-06, -5.11408e-05, 0.0106543, -7.39098e-06)

[node name="Physical Bone RightRingDistal" parent="master/Armature/GeneralSkeleton/PhysicalBoneSimulator3D" index="41"]
transform = Transform3D(-0.000351747, 1.40753e-06, 1, 3.04336e-06, -1, 1.4086e-06, 1, 3.04386e-06, 0.000351747, -0.879076, 1.48241, -0.0884334)
joint_offset = Transform3D(1, 0, 0, 0, 1, 0, 0, 0, 1, 3.68967e-05, 7.45856e-07, 0.0139313)
body_offset = Transform3D(1, -3.34532e-06, -4.38088e-06, -4.38091e-06, -2.20537e-06, -1, 3.34531e-06, 1, -2.20538e-06, -3.68357e-05, 0.0139313, -7.15256e-07)

[node name="Physical Bone RightLittleProximal" parent="master/Armature/GeneralSkeleton/PhysicalBoneSimulator3D" index="42"]
transform = Transform3D(0.00104116, -1.84129e-05, 0.999999, 5.65275e-06, -1, -1.84188e-05, 1, 5.67193e-06, -0.00104115, -0.809124, 1.47524, -0.116402)
joint_offset = Transform3D(1, 0, 0, 0, 1, 0, 0, 0, 1, 0.00184251, 0.0012279, 0.00804914)
body_offset = Transform3D(1, -6.40741e-07, -1.04378e-06, -1.04378e-06, 8.61288e-06, -1, 6.40751e-07, 1, 8.61288e-06, -0.0018425, 0.00804913, -0.00122797)

[node name="Physical Bone RightLittleIntermediate" parent="master/Armature/GeneralSkeleton/PhysicalBoneSimulator3D" index="43"]
transform = Transform3D(0.00273092, -2.62727e-05, 0.999996, 8.92586e-06, -1, -2.62971e-05, 0.999996, 8.99764e-06, -0.00273092, -0.824625, 1.47521, -0.114609)
joint_offset = Transform3D(1, 0, 0, 0, 1, 0, 0, 0, 1, 7.94113e-05, 0.00119816, 0.00795903)
body_offset = Transform3D(1, 2.70826e-06, 2.01911e-06, 2.01934e-06, 1.67787e-05, -1, -2.70829e-06, 1, 1.67787e-05, -7.94306e-05, 0.00795901, -0.00119829)

[node name="Physical Bone RightLittleDistal" parent="master/Armature/GeneralSkeleton/PhysicalBoneSimulator3D" index="44"]
transform = Transform3D(0.00174166, -1.4269e-05, 0.999999, 6.63675e-06, -1, -1.42806e-05, 0.999999, 6.66162e-06, -0.00174166, -0.840414, 1.47402, -0.114482)
joint_offset = Transform3D(1, 0, 0, 0, 1, 0, 0, 0, 1, -1.27467e-05, -7.55287e-07, 0.00834244)
body_offset = Transform3D(1, 2.30978e-07, -1.93692e-06, -1.93703e-06, 4.79817e-06, -1, -2.30968e-07, 1, 4.79817e-06, 1.27628e-05, 0.00834244, 7.15256e-07)

[node name="Physical Bone RightUpperLeg" parent="master/Armature/GeneralSkeleton/PhysicalBoneSimulator3D" index="45"]
transform = Transform3D(1, -3.07321e-06, 2.2364e-06, -2.26411e-06, -0.00904686, 0.999959, -3.05286e-06, -0.999959, -0.00904686, -0.102242, 0.786682, 0.00528299)
joint_offset = Transform3D(1, 0, 0, 0, 1, 0, 0, 0, 1, 8.30426e-07, 1.85213e-05, 0.221863)
body_offset = Transform3D(-1, 3.06765e-06, -1.66398e-06, 1.68756e-06, 0.00770324, -0.99997, -3.05474e-06, -0.99997, -0.00770324, 1.19954e-06, 0.221856, 0.00172758)

[node name="Physical Bone RightLowerLeg" parent="master/Armature/GeneralSkeleton/PhysicalBoneSimulator3D" index="46"]
transform = Transform3D(-1, -2.85682e-06, 3.63721e-07, 5.61877e-07, -0.0696716, 0.99757, -2.82454e-06, 0.99757, 0.0696716, -0.102162, 0.347254, 0.000325654)
joint_offset = Transform3D(1, 0, 0, 0, 1, 0, 0, 0, 1, 7.86215e-05, 0.000616055, 0.228444)
body_offset = Transform3D(-1, -2.81615e-06, -2.0783e-07, 1.49011e-08, 0.0683356, -0.997662, 2.82377e-06, -0.997662, -0.0683356, 7.86707e-05, 0.227868, 0.0162255)

[node name="Physical Bone RightFoot" parent="master/Armature/GeneralSkeleton/PhysicalBoneSimulator3D" index="47"]
transform = Transform3D(-1, 2.67587e-06, 8.48113e-06, 7.43087e-06, 0.775346, 0.631536, -4.8859e-06, 0.631536, -0.775347, -0.102249, 0.0882321, 0.028124)
joint_offset = Transform3D(1, 0, 0, 0, 1, 0, 0, 0, 1, -7.65616e-06, 0.000241645, 0.0693025)
body_offset = Transform3D(1, -2.20432e-06, -8.0992e-06, -4.88758e-06, 0.631536, -0.775347, 6.82404e-06, 0.775347, 0.631536, 8.21799e-06, 0.0535809, -0.0439544)

[node name="Physical Bone RightToes" parent="master/Armature/GeneralSkeleton/PhysicalBoneSimulator3D" index="48"]
transform = Transform3D(0.0209412, 0.991192, 0.130768, 0.999781, -0.0207612, -0.00273949, -4.4948e-07, 0.130797, -0.991409, -0.134751, 0.000171998, 0.171967)
joint_offset = Transform3D(1, 0, 0, 0, 1, 0, 0, 0, 1, -9.40287e-07, -3.01759e-07, 0.0499984)
body_offset = Transform3D(0.0209406, 0.991192, 0.130768, -8.34465e-07, 0.130797, -0.991409, -0.999781, 0.0207606, 0.00273985, -0.00653788, 0.0495689, -0.000137922)

[node name="Physical Bone LeftUpperLeg" parent="master/Armature/GeneralSkeleton/PhysicalBoneSimulator3D" index="49"]
transform = Transform3D(1, 5.45922e-06, 6.53819e-07, -6.0403e-07, -0.00911528, 0.999959, 5.46495e-06, -0.999959, -0.00911528, 0.0934291, 0.78729, 0.00527902)
joint_offset = Transform3D(1, 0, 0, 0, 1, 0, 0, 0, 1, -7.71734e-05, 4.91389e-06, 0.221255)
body_offset = Transform3D(-1, -5.46437e-06, -1.02312e-07, 5.96043e-08, 0.00781512, -0.99997, 5.465e-06, -0.999969, -0.00781512, -7.71508e-05, 0.221248, 0.00173405)

[node name="Physical Bone LeftLowerLeg" parent="master/Armature/GeneralSkeleton/PhysicalBoneSimulator3D" index="50"]
transform = Transform3D(-1, -1.29585e-06, 2.39372e-06, 2.47819e-06, -0.0696755, 0.99757, -1.12591e-06, 0.99757, 0.0696755, 0.0933699, 0.352192, 0.00125241)
joint_offset = Transform3D(1, 0, 0, 0, 1, 0, 0, 0, 1, 1.85541e-05, 1.60839e-05, 0.223451)
body_offset = Transform3D(-1, -1.28592e-06, 1.84352e-06, -1.92714e-06, 0.0683812, -0.99766, 1.15685e-06, -0.997659, -0.0683812, 1.81422e-05, 0.222927, 0.0152959)

[node name="Physical Bone LeftFoot" parent="master/Armature/GeneralSkeleton/PhysicalBoneSimulator3D" index="51"]
transform = Transform3D(-1, -1.36432e-05, 7.95647e-07, -1.00758e-05, 0.775351, 0.63153, -9.23302e-06, 0.63153, -0.775351, 0.0928486, 0.0870541, 0.0287922)
joint_offset = Transform3D(1, 0, 0, 0, 1, 0, 0, 0, 1, -0.000502952, 0.000731103, 0.0705629)
body_offset = Transform3D(1, 1.41156e-05, -4.51314e-07, -9.26433e-06, 0.63153, -0.775351, -1.06595e-05, 0.775351, 0.63153, 0.000502974, 0.0542493, -0.0451295)

[node name="Physical Bone LeftToes" parent="master/Armature/GeneralSkeleton/PhysicalBoneSimulator3D" index="52"]
transform = Transform3D(0.020927, -0.991194, -0.130752, -0.999781, -0.0207519, -0.00270147, -3.56779e-05, 0.13078, -0.991411, 0.125861, 0.000168047, 0.171971)
joint_offset = Transform3D(1, 0, 0, 0, 1, 0, 0, 0, 1, 1.89136e-06, -1.11811e-06, 0.0500025)
body_offset = Transform3D(0.0209276, -0.991194, -0.130752, -3.53754e-05, 0.13078, -0.991411, 0.999781, 0.0207525, 0.00270179, 0.00653679, 0.0495732, -0.000136964)

[node name="CollisionShape3D" type="CollisionShape3D" parent="."]
transform = Transform3D(1, 0, 0, 0, 1, 0, 0, 0, 1, 0, 1, 0)
shape = SubResource("CapsuleShape3D_y8poy")

[node name="RollbackSynchronizer" type="Node" parent="." node_paths=PackedStringArray("root")]
script = ExtResource("2_ktqdq")
root = NodePath("..")
enable_prediction = true
state_properties = Array[String](["RewindableStateMachine:state", ":transform", ":velocity", "master:transform"])
input_properties = Array[String](["PlayerInput:input_dir", "PlayerInput:jump_input", "PlayerInput:run_input", "CameraInput:camera_basis", "PlayerInput:shoot_input", "CameraInput:camera_look"])
metadata/_custom_type_script = ExtResource("2_ktqdq")

[node name="MultiplayerSynchronizer" type="MultiplayerSynchronizer" parent="."]
replication_config = SubResource("SceneReplicationConfig_nrabn")

[node name="TickInterpolator" type="Node" parent="." node_paths=PackedStringArray("root")]
script = ExtResource("4_a47yd")
root = NodePath("..")
properties = Array[String]([":transform", "master:transform"])
metadata/_custom_type_script = ExtResource("4_a47yd")

[node name="RewindableStateMachine" type="Node" parent="."]
script = ExtResource("3_lo6j0")
metadata/_custom_type_script = ExtResource("3_lo6j0")

[node name="IdleState" type="Node" parent="RewindableStateMachine" node_paths=PackedStringArray("camera_input", "player_input", "parent")]
script = ExtResource("5_4l86x")
animation_name = "rifle aiming idle"
camera_input = NodePath("../../CameraInput")
player_input = NodePath("../../PlayerInput")
parent = NodePath("../..")

[node name="JumpState" type="Node" parent="RewindableStateMachine" node_paths=PackedStringArray("camera_input", "player_input", "parent")]
script = ExtResource("6_a47yd")
animation_name = "walking"
camera_input = NodePath("../../CameraInput")
player_input = NodePath("../../PlayerInput")
parent = NodePath("../..")

[node name="MoveState" type="Node" parent="RewindableStateMachine" node_paths=PackedStringArray("camera_input", "player_input", "parent")]
script = ExtResource("8_a47yd")
animation_name = "rifle run"
camera_input = NodePath("../../CameraInput")
player_input = NodePath("../../PlayerInput")
parent = NodePath("../..")

[node name="FallState" type="Node" parent="RewindableStateMachine" node_paths=PackedStringArray("camera_input", "player_input", "parent")]
script = ExtResource("8_4l86x")
animation_name = "walking"
camera_input = NodePath("../../CameraInput")
player_input = NodePath("../../PlayerInput")
parent = NodePath("../..")

[node name="Ragdoll" type="Node" parent="RewindableStateMachine" node_paths=PackedStringArray("camera_input", "player_input", "parent")]
script = ExtResource("10_gjnd3")
camera_input = NodePath("../../CameraInput")
player_input = NodePath("../../PlayerInput")
parent = NodePath("../..")
metadata/_custom_type_script = ExtResource("10_jo6vb")

[node name="CameraInput" parent="." node_paths=PackedStringArray("rollback_synchronizer") instance=ExtResource("4_g37aj")]
rollback_synchronizer = NodePath("../RollbackSynchronizer")

[node name="PlayerInput" type="Node" parent="."]
script = ExtResource("10_kusnb")

[node name="PlayerUi" parent="." instance=ExtResource("12_ua4at")]

[node name="RightHandBoneAttachment" type="BoneAttachment3D" parent="."]
transform = Transform3D(-3.77197e-07, -1, -6.79836e-07, 6.26917e-06, 6.79834e-07, -1, 1, -3.77201e-07, 6.26917e-06, -0.684709, 1.47919, -0.0553476)
bone_name = "RightHand"
bone_idx = 35
use_external_skeleton = true
external_skeleton = NodePath("../master/Armature/GeneralSkeleton")

[node name="WeaponPivot" type="Marker3D" parent="RightHandBoneAttachment"]

[node name="WeaponPivotFinal" type="Marker3D" parent="RightHandBoneAttachment/WeaponPivot"]
transform = Transform3D(-2.84053e-08, 0, 1, 0, 0.999999, 1.11759e-07, -1, 2.23517e-08, -5.68107e-08, 0.285775, -0.13041, 0.574644)

[node name="WeaponsManager" parent="RightHandBoneAttachment/WeaponPivot/WeaponPivotFinal" node_paths=PackedStringArray("player_hud", "player") instance=ExtResource("13_nrabn")]
transform = Transform3D(1, 0, 0, 0, -4.37114e-08, -1, 0, 1, -4.37114e-08, 0.410812, -0.213233, 0.115377)
player_hud = NodePath("../../../../PlayerUi")
player = NodePath("../../../..")

[node name="Hitmarker" type="AudioStreamPlayer3D" parent="."]
transform = Transform3D(1, 0, 0, 0, 1, 0, 0, 0, 1, 0, 1.50861, 0)
stream = ExtResource("14_kusnb")
volume_db = -18.0
pitch_scale = 1.4

