[gd_scene load_steps=22 format=3 uid="uid://dup2jh8uleo3l"]

[ext_resource type="Script" uid="uid://dc7w7oe3lm0eu" path="res://scripts/player.gd" id="1_u2qrv"]
[ext_resource type="Script" uid="uid://cfgvniwyo5waf" path="res://addons/netfox/rollback/rollback-synchronizer.gd" id="2_ktqdq"]
[ext_resource type="PackedScene" uid="uid://0by3fcnl3a5n" path="res://assets/characters/master/master_scene.tscn" id="2_v7wsi"]
[ext_resource type="Script" uid="uid://btck2pi5uy6xp" path="res://addons/netfox.extras/state-machine/rewindable-state-machine.gd" id="3_lo6j0"]
[ext_resource type="Script" uid="uid://cgycqse80cops" path="res://addons/netfox/tick-interpolator.gd" id="4_a47yd"]
[ext_resource type="PackedScene" uid="uid://l1d8hwvn7hbq" path="res://scenes/player/camera_input.tscn" id="4_g37aj"]
[ext_resource type="Script" uid="uid://bbhybl3bvg0b6" path="res://scripts/states/movement/idle_state.gd" id="5_4l86x"]
[ext_resource type="Script" uid="uid://btj80uq43ccmt" path="res://scripts/states/movement/jump_state.gd" id="6_a47yd"]
[ext_resource type="Script" uid="uid://8ympfbj5i4hc" path="res://scripts/states/movement/fall_state.gd" id="8_4l86x"]
[ext_resource type="Script" uid="uid://dlfbk4aggn6u1" path="res://scripts/states/movement/move_state.gd" id="8_a47yd"]
[ext_resource type="Script" uid="uid://c8pgkna7f6aye" path="res://scripts/states/movement/ragdoll.gd" id="10_gjnd3"]
[ext_resource type="Script" uid="uid://c1xw0v7hky5kl" path="res://scripts/states/movement/movement_state.gd" id="10_jo6vb"]
[ext_resource type="Script" uid="uid://5oxt7p6a1uo8" path="res://scripts/player_input.gd" id="10_kusnb"]
[ext_resource type="PackedScene" uid="uid://btdemgg0e0b4o" path="res://scenes/player/player_ui.tscn" id="12_ua4at"]
[ext_resource type="PackedScene" uid="uid://cf6jco7ctb45m" path="res://weapons_manager.tscn" id="13_nrabn"]
[ext_resource type="AudioStream" uid="uid://c3o2in8ur76wn" path="res://assets/sound/hitmarker.mp3" id="14_kusnb"]
[ext_resource type="PackedScene" uid="uid://r31q8k2be4qk" path="res://scenes/player/player_interact_sensors/sensor_cast.tscn" id="17_2hvjq"]
[ext_resource type="Shader" uid="uid://k1t5yooesun6" path="res://scripts/shaders/snow.gdshader" id="22_db8q1"]

[sub_resource type="CapsuleShape3D" id="CapsuleShape3D_y8poy"]
radius = 0.3

[sub_resource type="SceneReplicationConfig" id="SceneReplicationConfig_nrabn"]
properties/0/path = NodePath("master/AnimationPlayer:active")
properties/0/spawn = true
properties/0/replication_mode = 2
properties/1/path = NodePath("master/Armature/GeneralSkeleton/PhysicalBoneSimulator3D:active")
properties/1/spawn = true
properties/1/replication_mode = 2
properties/2/path = NodePath("master/AnimationPlayer:current_animation")
properties/2/spawn = true
properties/2/replication_mode = 1

[sub_resource type="ShaderMaterial" id="ShaderMaterial_v7wsi"]
shader = ExtResource("22_db8q1")
shader_parameter/spread = 0.5
shader_parameter/size = 0.5
shader_parameter/snow_color = Color(0.489412, 0.647688, 1, 0.482353)
shader_parameter/snow_transparency = 0.6
shader_parameter/speed = 2.0
shader_parameter/wind = 0.6
shader_parameter/num_of_layers = 40

[node name="PlayerRootMotion" type="CharacterBody3D" node_paths=PackedStringArray("_player_input", "_camera_input", "_player_model", "_state_machine", "skeleton", "bones", "chest", "snow_shader", "weapons_manager", "weapon_pivot")]
script = ExtResource("1_u2qrv")
_player_input = NodePath("PlayerInput")
_camera_input = NodePath("CameraInput")
_player_model = NodePath("master")
_state_machine = NodePath("RewindableStateMachine")
skeleton = NodePath("master/Armature/GeneralSkeleton")
bones = NodePath("master/Armature/GeneralSkeleton/PhysicalBoneSimulator3D")
chest = NodePath("master/Armature/GeneralSkeleton/PhysicalBoneSimulator3D/Physical Bone Chest")
snow_shader = NodePath("Shaders/SnowShader")
weapons_manager = NodePath("RightHandBoneAttachment/WeaponPivot/WeaponPivotFinal/WeaponsManager")
weapon_pivot = NodePath("RightHandBoneAttachment/WeaponPivot")

[node name="master" parent="." instance=ExtResource("2_v7wsi")]

[node name="Physical Bone Hips" parent="master/Armature/GeneralSkeleton/PhysicalBoneSimulator3D" index="0"]
transform = Transform3D(0.999625, 0.0270844, 0.00397425, 3.72529e-08, 0.14518, -0.989405, -0.0273744, 0.989035, 0.145126, 0.00142199, 1.10875, 0.00415713)
joint_offset = Transform3D(1, 0, 0, 0, 1, 0, 0, 0, 1, 8.94594e-07, -7.21775e-08, 0.0479584)
body_offset = Transform3D(0.999625, 0.0270844, 0.00397425, 3.72529e-08, 0.14518, -0.989405, -0.0273744, 0.989035, 0.145125, -0.000191491, 0.0474503, -0.00695989)

[node name="Physical Bone Spine" parent="master/Armature/GeneralSkeleton/PhysicalBoneSimulator3D" index="1"]
transform = Transform3D(0.999629, 0.0269359, 0.00395241, -1.49012e-08, 0.14518, -0.989405, -0.0272243, 0.989039, 0.145126, 0.00101113, 1.21157, -0.010924)
joint_offset = Transform3D(1, 0, 0, 0, 1, 0, 0, 0, 1, -8.14907e-09, -2.6077e-08, 0.0559542)
body_offset = Transform3D(0.999629, 0.0269359, 0.00395241, -1.49012e-08, 0.14518, -0.989405, -0.0272243, 0.989039, 0.145126, -0.000221145, 0.0553614, -0.00812039)

[node name="Physical Bone Chest" parent="master/Armature/GeneralSkeleton/PhysicalBoneSimulator3D" index="2"]
transform = Transform3D(0.999629, 0.0269329, 0.00395271, 7.45058e-07, 0.145179, -0.989405, -0.0272214, 0.989039, 0.145125, 0.000537209, 1.3302, -0.0283249)
joint_offset = Transform3D(1, 0, 0, 0, 1, 0, 0, 0, 1, -7.71252e-09, 3.97675e-07, 0.063946)
body_offset = Transform3D(0.999629, 0.0269329, 0.00395271, 7.45058e-07, 0.145179, -0.989405, -0.0272214, 0.989039, 0.145125, -0.000252763, 0.0632684, -0.00928056)

[node name="Physical Bone UpperChest" parent="master/Armature/GeneralSkeleton/PhysicalBoneSimulator3D" index="3"]
transform = Transform3D(0.999629, 0.0269345, 0.00395165, -5.0664e-07, 0.145178, -0.989406, -0.0272228, 0.989039, 0.145124, 1.81695e-07, 1.46465, -0.0480456)
joint_offset = Transform3D(1, 0, 0, 0, 1, 0, 0, 0, 1, 9.83709e-09, 1.08965e-07, 0.0719411)
body_offset = Transform3D(0.999629, 0.0269345, 0.00395165, -5.0664e-07, 0.145178, -0.989406, -0.0272228, 0.989039, 0.145124, -0.000284299, 0.0711789, -0.0104405)

[node name="Physical Bone Head" parent="master/Armature/GeneralSkeleton/PhysicalBoneSimulator3D" index="4"]
transform = Transform3D(-1, -1.42712e-07, 8.36663e-08, -9.68575e-08, 0.0950888, -0.995469, 1.3411e-07, -0.995469, -0.0950888, -0.0002839, 1.6969, -0.0431)
joint_offset = Transform3D(1, 0, 0, 0, 1, 0, 0, 0, 1, 3.08804e-07, 2.43075e-07, 0.128853)
body_offset = Transform3D(-1, -1.42712e-07, 8.36663e-08, -9.68575e-08, 0.0950888, -0.995469, 1.3411e-07, -0.995469, -0.0950888, 2.98023e-07, 0.128269, 0.0122527)

[node name="Physical Bone LeftShoulder" parent="master/Armature/GeneralSkeleton/PhysicalBoneSimulator3D" index="5"]
transform = Transform3D(9.23872e-07, 0.220209, -0.975453, 0.0186235, 0.975284, 0.220171, 0.999827, -0.0181665, -0.00410016, 0.138043, 1.49513, -0.0578935)
joint_offset = Transform3D(1, 0, 0, 0, 1, 0, 0, 0, 1, -2.17697e-08, 8.19564e-08, 0.072244)
body_offset = Transform3D(0.999827, -0.0181665, -0.00410016, 9.23872e-07, 0.220209, -0.975453, 0.0186235, 0.975284, 0.220171, 0.000296235, 0.0704706, -0.0159061)

[node name="Physical Bone LeftUpperArm" parent="master/Armature/GeneralSkeleton/PhysicalBoneSimulator3D" index="6"]
transform = Transform3D(9.86345e-05, -4.61936e-05, -1, 4.47286e-05, -1, 4.6198e-05, -1, -4.47332e-05, -9.86324e-05, 0.324315, 1.47923, -0.057597)
joint_offset = Transform3D(1, 0, 0, 0, 1, 0, 0, 0, 1, -1.13625e-05, 5.2301e-06, 0.115802)
body_offset = Transform3D(1, 4.47332e-05, 9.86324e-05, 9.86345e-05, -4.61936e-05, -1, -4.47286e-05, 1, -4.6198e-05, -5.96046e-08, 0.115802, 1.19209e-07)

[node name="Physical Bone LeftLowerArm" parent="master/Armature/GeneralSkeleton/PhysicalBoneSimulator3D" index="7"]
transform = Transform3D(7.7486e-07, -4.76837e-07, -1, -1, 1.08778e-06, -7.7486e-07, 1.08778e-06, 1, -4.76836e-07, 0.560475, 1.47923, -0.0575964)
joint_offset = Transform3D(1, 0, 0, 0, 1, 0, 0, 0, 1, 2.5948e-08, -5.9826e-07, 0.120358)
body_offset = Transform3D(1, -1.08778e-06, 7.7486e-07, 7.7486e-07, -4.76837e-07, -1, 1.08778e-06, 1, -4.76836e-07, -1.19209e-07, 0.120358, 6.55651e-07)

[node name="Physical Bone LeftHand" parent="master/Armature/GeneralSkeleton/PhysicalBoneSimulator3D" index="8"]
transform = Transform3D(-1.81794e-06, 0.505832, -0.862632, 0.616643, 0.679102, 0.398212, 0.787243, -0.531935, -0.311919, 0.701701, 1.46959, -0.0500516)
joint_offset = Transform3D(1, 0, 0, 0, 1, 0, 0, 0, 1, -2.00234e-08, 2.10013e-07, 0.0241899)
body_offset = Transform3D(-0.787243, 0.531935, 0.311919, -1.81794e-06, 0.505832, -0.862632, -0.616643, -0.679102, -0.398212, -0.00754541, 0.0208669, 0.00963283)

[node name="Physical Bone RightShoulder" parent="master/Armature/GeneralSkeleton/PhysicalBoneSimulator3D" index="9"]
transform = Transform3D(-1.49012e-08, -0.220194, 0.975456, -0.018629, 0.975287, 0.220156, -0.999826, -0.0181718, -0.00410201, -0.137474, 1.49514, -0.0578935)
joint_offset = Transform3D(1, 0, 0, 0, 1, 0, 0, 0, 1, -1.12137e-07, 5.21541e-08, 0.0722442)
body_offset = Transform3D(0.999826, 0.0181718, 0.00410201, 1.49012e-08, 0.220194, -0.975456, -0.018629, 0.975287, 0.220156, -0.000296235, 0.070471, -0.015905)

[node name="Physical Bone RightUpperArm" parent="master/Armature/GeneralSkeleton/PhysicalBoneSimulator3D" index="10"]
transform = Transform3D(5.96046e-08, 6.70552e-07, 1, -8.94069e-08, -1, 6.70552e-07, 1, -8.94069e-08, -5.96045e-08, -0.323771, 1.47924, -0.0575661)
joint_offset = Transform3D(1, 0, 0, 0, 1, 0, 0, 0, 1, -3.09279e-05, 6.51497e-06, 0.115826)
body_offset = Transform3D(1, -8.94069e-08, -5.96045e-08, -5.96046e-08, -6.70552e-07, -1, 8.94069e-08, 1, -6.70552e-07, 3.09348e-05, 0.115826, -6.4373e-06)

[node name="Physical Bone RightLowerArm" parent="master/Armature/GeneralSkeleton/PhysicalBoneSimulator3D" index="11"]
transform = Transform3D(-1.49012e-07, -7.7486e-07, 1, 1, 4.47034e-08, 1.49012e-07, -4.47035e-08, 1, 7.7486e-07, -0.559907, 1.47923, -0.0575972)
joint_offset = Transform3D(1, 0, 0, 0, 1, 0, 0, 0, 1, -1.37144e-07, 2.59479e-08, 0.120359)
body_offset = Transform3D(1, 4.47034e-08, 1.49012e-07, 1.49012e-07, 7.7486e-07, -1, -4.47035e-08, 1, 7.7486e-07, 1.19209e-07, 0.120359, -1.19209e-07)

[node name="Physical Bone RightHand" parent="master/Armature/GeneralSkeleton/PhysicalBoneSimulator3D" index="12"]
transform = Transform3D(2.23517e-08, -0.505885, 0.862601, -0.616551, 0.679139, 0.398291, -0.787315, -0.531837, -0.311904, -0.701132, 1.4696, -0.0500519)
joint_offset = Transform3D(1, 0, 0, 0, 1, 0, 0, 0, 1, 2.09548e-08, 1.90921e-08, 0.0241908)
body_offset = Transform3D(-0.787315, -0.531837, -0.311904, -2.23517e-08, 0.505885, -0.862601, 0.616551, -0.679139, -0.398291, 0.00754523, 0.020867, 0.00963497)

[node name="Physical Bone RightUpperLeg" parent="master/Armature/GeneralSkeleton/PhysicalBoneSimulator3D" index="13"]
transform = Transform3D(1, 6.67007e-07, 1.28111e-07, -1.08033e-07, -0.0300147, 0.99955, 6.70552e-07, -0.99955, -0.0300147, -0.0977955, 0.791839, 0.00753159)
joint_offset = Transform3D(1, 0, 0, 0, 1, 0, 0, 0, 1, -7.13243e-07, 1.50795e-05, 0.216839)
body_offset = Transform3D(-1, -6.67007e-07, -1.28111e-07, 1.08033e-07, 0.0300147, -0.99955, 6.70552e-07, -0.99955, -0.0300147, -6.85453e-07, 0.216741, 0.00652343)

[node name="Physical Bone RightLowerLeg" parent="master/Armature/GeneralSkeleton/PhysicalBoneSimulator3D" index="14"]
transform = Transform3D(-1, -3.69058e-07, 2.51098e-08, 5.96046e-08, -0.0937669, 0.995594, -3.65078e-07, 0.995594, 0.0937669, -0.0977962, 0.35364, -0.00683554)
joint_offset = Transform3D(1, 0, 0, 0, 1, 0, 0, 0, 1, -3.91175e-08, 2.44007e-07, 0.222467)
body_offset = Transform3D(-1, -3.69058e-07, 2.51098e-08, -5.96046e-08, 0.0937669, -0.995594, 3.65078e-07, -0.995594, -0.0937669, -4.47035e-08, 0.221487, 0.0208603)

[node name="Physical Bone RightFoot" parent="master/Armature/GeneralSkeleton/PhysicalBoneSimulator3D" index="15"]
transform = Transform3D(-0.98123, 0.142561, 0.12986, 0.19284, 0.725398, 0.660765, -5.66244e-07, 0.673405, -0.739274, -0.110782, 0.066145, 0.0462363)
joint_offset = Transform3D(1, 0, 0, 0, 1, 0, 0, 0, 1, -1.24751e-05, -4.96507e-05, 0.0999603)
body_offset = Transform3D(0.98123, -0.142561, -0.12986, -5.66244e-07, 0.673405, -0.739274, 0.19284, 0.725398, 0.660765, 0.012986, 0.0739315, -0.0660119)

[node name="Physical Bone LeftUpperLeg" parent="master/Armature/GeneralSkeleton/PhysicalBoneSimulator3D" index="16"]
transform = Transform3D(1, 3.42762e-07, -1.20151e-07, 1.30385e-07, -0.0300165, 0.999549, 3.39001e-07, -0.999549, -0.0300165, 0.0977955, 0.79185, 0.00751591)
joint_offset = Transform3D(1, 0, 0, 0, 1, 0, 0, 0, 1, 7.48759e-07, -6.91973e-07, 0.216829)
body_offset = Transform3D(-1, -3.42762e-07, 1.20151e-07, -1.30385e-07, 0.0300165, -0.999549, 3.39001e-07, -0.999549, -0.0300165, 7.22706e-07, 0.216731, 0.00650775)

[node name="Physical Bone LeftLowerLeg" parent="master/Armature/GeneralSkeleton/PhysicalBoneSimulator3D" index="17"]
transform = Transform3D(-1, -1.32671e-07, -2.31359e-08, -1.05938e-08, -0.0937672, 0.995594, -1.34256e-07, 0.995594, 0.0937672, 0.0977958, 0.353641, -0.00683579)
joint_offset = Transform3D(1, 0, 0, 0, 1, 0, 0, 0, 1, -4.14929e-07, 6.55651e-07, 0.222465)
body_offset = Transform3D(-1, -1.32671e-07, -2.31359e-08, 1.05938e-08, 0.0937672, -0.995594, 1.34256e-07, -0.995594, -0.0937672, -4.09782e-07, 0.221485, 0.0208606)

[node name="Physical Bone LeftFoot" parent="master/Armature/GeneralSkeleton/PhysicalBoneSimulator3D" index="18"]
transform = Transform3D(-0.981229, -0.142567, -0.129863, -0.192846, 0.725399, 0.660762, -3.94881e-07, 0.673403, -0.739276, 0.110782, 0.0660804, 0.0462321)
joint_offset = Transform3D(1, 0, 0, 0, 1, 0, 0, 0, 1, -1.83471e-07, 2.04891e-07, 0.0999998)
body_offset = Transform3D(0.981229, 0.142567, 0.129863, -3.94881e-07, 0.673403, -0.739276, -0.192846, 0.725399, 0.660762, -0.0129861, 0.0739273, -0.0660763)

[node name="CollisionShape3D" type="CollisionShape3D" parent="."]
transform = Transform3D(1, 0, 0, 0, 1, 0, 0, 0, 1, 0, 1, 0)
shape = SubResource("CapsuleShape3D_y8poy")

[node name="RollbackSynchronizer" type="Node" parent="." node_paths=PackedStringArray("root")]
script = ExtResource("2_ktqdq")
root = NodePath("..")
enable_prediction = true
state_properties = Array[String](["RewindableStateMachine:state", ":transform", ":velocity", "master:transform"])
input_properties = Array[String](["PlayerInput:input_dir", "PlayerInput:jump_input", "PlayerInput:run_input", "CameraInput:camera_basis", "PlayerInput:shoot_input", "CameraInput:camera_look"])
metadata/_custom_type_script = ExtResource("2_ktqdq")

[node name="MultiplayerSynchronizer" type="MultiplayerSynchronizer" parent="."]
replication_config = SubResource("SceneReplicationConfig_nrabn")

[node name="TickInterpolator" type="Node" parent="." node_paths=PackedStringArray("root")]
script = ExtResource("4_a47yd")
root = NodePath("..")
properties = Array[String]([":transform", "master:transform"])
metadata/_custom_type_script = ExtResource("4_a47yd")

[node name="RewindableStateMachine" type="Node" parent="."]
script = ExtResource("3_lo6j0")
metadata/_custom_type_script = ExtResource("3_lo6j0")

[node name="IdleState" type="Node" parent="RewindableStateMachine" node_paths=PackedStringArray("camera_input", "player_input", "parent")]
script = ExtResource("5_4l86x")
animation_name = "rifle aiming idle"
camera_input = NodePath("../../CameraInput")
player_input = NodePath("../../PlayerInput")
parent = NodePath("../..")

[node name="JumpState" type="Node" parent="RewindableStateMachine" node_paths=PackedStringArray("camera_input", "player_input", "parent")]
script = ExtResource("6_a47yd")
animation_name = "walking"
camera_input = NodePath("../../CameraInput")
player_input = NodePath("../../PlayerInput")
parent = NodePath("../..")

[node name="MoveState" type="Node" parent="RewindableStateMachine" node_paths=PackedStringArray("camera_input", "player_input", "parent")]
script = ExtResource("8_a47yd")
animation_name = "rifle run"
camera_input = NodePath("../../CameraInput")
player_input = NodePath("../../PlayerInput")
parent = NodePath("../..")

[node name="FallState" type="Node" parent="RewindableStateMachine" node_paths=PackedStringArray("camera_input", "player_input", "parent")]
script = ExtResource("8_4l86x")
animation_name = "walking"
camera_input = NodePath("../../CameraInput")
player_input = NodePath("../../PlayerInput")
parent = NodePath("../..")

[node name="Ragdoll" type="Node" parent="RewindableStateMachine" node_paths=PackedStringArray("camera_input", "player_input", "parent")]
script = ExtResource("10_gjnd3")
camera_input = NodePath("../../CameraInput")
player_input = NodePath("../../PlayerInput")
parent = NodePath("../..")
metadata/_custom_type_script = ExtResource("10_jo6vb")

[node name="CameraInput" parent="." node_paths=PackedStringArray("rollback_synchronizer") instance=ExtResource("4_g37aj")]
rollback_synchronizer = NodePath("../RollbackSynchronizer")

[node name="PlayerInput" type="Node" parent="."]
script = ExtResource("10_kusnb")

[node name="PlayerUi" parent="." node_paths=PackedStringArray("weapons_manager") instance=ExtResource("12_ua4at")]
weapons_manager = NodePath("../RightHandBoneAttachment/WeaponPivot/WeaponPivotFinal/WeaponsManager")

[node name="RightHandBoneAttachment" type="BoneAttachment3D" parent="."]
transform = Transform3D(0, -1, 0, 0, 0, -1, 1, 0, 0, -0.680265, 1.47923, -0.0575971)
bone_name = "RightHand"
bone_idx = 35
use_external_skeleton = true
external_skeleton = NodePath("../master/Armature/GeneralSkeleton")

[node name="WeaponPivot" type="Marker3D" parent="RightHandBoneAttachment"]

[node name="WeaponPivotFinal" type="Marker3D" parent="RightHandBoneAttachment/WeaponPivot"]
transform = Transform3D(-2.84053e-08, 0, 1, 0, 0.999999, 1.11759e-07, -1, 2.23517e-08, -5.68107e-08, 0.285775, -0.13041, 0.574644)

[node name="WeaponsManager" parent="RightHandBoneAttachment/WeaponPivot/WeaponPivotFinal" node_paths=PackedStringArray("player_hud", "player") instance=ExtResource("13_nrabn")]
transform = Transform3D(1, 0, 0, 0, -4.37114e-08, -1, 0, 1, -4.37114e-08, 0.410812, -0.213233, 0.115377)
player_hud = NodePath("../../../../PlayerUi")
player = NodePath("../../../..")

[node name="Hitmarker" type="AudioStreamPlayer3D" parent="."]
transform = Transform3D(1, 0, 0, 0, 1, 0, 0, 0, 1, 0, 1.50861, 0)
stream = ExtResource("14_kusnb")
volume_db = -18.0
pitch_scale = 1.4

[node name="SensorCast" parent="." instance=ExtResource("17_2hvjq")]
script = null

[node name="RootMotionView" type="RootMotionView" parent="."]
animation_path = NodePath("../master/AnimationPlayer")

[node name="Shaders" type="Control" parent="."]
layout_mode = 3
anchors_preset = 15
anchor_right = 1.0
anchor_bottom = 1.0
grow_horizontal = 2
grow_vertical = 2

[node name="SnowShader" type="ColorRect" parent="Shaders"]
material = SubResource("ShaderMaterial_v7wsi")
layout_mode = 1
anchors_preset = 15
anchor_right = 1.0
anchor_bottom = 1.0
grow_horizontal = 2
grow_vertical = 2

[editable path="master"]
