[gd_scene load_steps=15 format=3 uid="uid://dup2jh8uleo3l"]

[ext_resource type="Script" uid="uid://dc7w7oe3lm0eu" path="res://scripts/player.gd" id="1_u2qrv"]
[ext_resource type="Script" uid="uid://cfgvniwyo5waf" path="res://addons/netfox/rollback/rollback-synchronizer.gd" id="2_ktqdq"]
[ext_resource type="PackedScene" uid="uid://bnpcdhkiv5rja" path="res://assets/characters/x_bot/x_bot.tscn" id="2_xfltk"]
[ext_resource type="Script" uid="uid://btck2pi5uy6xp" path="res://addons/netfox.extras/state-machine/rewindable-state-machine.gd" id="3_lo6j0"]
[ext_resource type="Script" uid="uid://cgycqse80cops" path="res://addons/netfox/tick-interpolator.gd" id="4_a47yd"]
[ext_resource type="PackedScene" uid="uid://l1d8hwvn7hbq" path="res://scenes/player/camera_input.tscn" id="4_g37aj"]
[ext_resource type="Script" uid="uid://bbhybl3bvg0b6" path="res://scripts/states/movement/idle_state.gd" id="5_4l86x"]
[ext_resource type="Script" uid="uid://btj80uq43ccmt" path="res://scripts/states/movement/jump_state.gd" id="6_a47yd"]
[ext_resource type="Script" uid="uid://8ympfbj5i4hc" path="res://scripts/states/movement/fall_state.gd" id="8_4l86x"]
[ext_resource type="Script" uid="uid://dlfbk4aggn6u1" path="res://scripts/states/movement/move_state.gd" id="8_a47yd"]
[ext_resource type="Script" uid="uid://5oxt7p6a1uo8" path="res://scripts/player_input.gd" id="10_kusnb"]
[ext_resource type="PackedScene" uid="uid://btdemgg0e0b4o" path="res://scenes/player/player_ui.tscn" id="12_ua4at"]
[ext_resource type="PackedScene" uid="uid://cf6jco7ctb45m" path="res://weapons_manager.tscn" id="13_nrabn"]

[sub_resource type="CapsuleShape3D" id="CapsuleShape3D_y8poy"]

[node name="PlayerRootMotion" type="CharacterBody3D" node_paths=PackedStringArray("_player_input", "_camera_input", "_player_model", "_state_machine", "skeleton", "bones")]
script = ExtResource("1_u2qrv")
_player_input = NodePath("PlayerInput")
_camera_input = NodePath("CameraInput")
_player_model = NodePath("x_bot")
_state_machine = NodePath("RewindableStateMachine")
skeleton = NodePath("x_bot/Armature/GeneralSkeleton")
bones = NodePath("x_bot/Armature/GeneralSkeleton/PhysicalBoneSimulator3D")

[node name="x_bot" parent="." instance=ExtResource("2_xfltk")]

[node name="GeneralSkeleton" parent="x_bot/Armature" index="0"]
bones/1/position = Vector3(-3.78719e-12, 0.841903, -4.56348e-08)
bones/1/rotation = Quaternion(0.0448171, -0.0633115, 0.025114, 0.996671)
bones/2/rotation = Quaternion(0.0831443, -0.046745, -0.0266042, 0.995085)
bones/3/rotation = Quaternion(0.0302314, -0.0150285, -0.000159952, 0.99943)
bones/4/rotation = Quaternion(0.0302374, -0.0150803, -0.000279402, 0.999429)
bones/5/rotation = Quaternion(0.0508925, 0.0252978, 0.0123849, 0.998307)
bones/6/rotation = Quaternion(-0.022447, 0.105441, 0.119061, 0.987017)
bones/8/rotation = Quaternion(0.486013, -0.50637, -0.532853, -0.472703)
bones/9/rotation = Quaternion(-0.486885, 0.711487, -0.48517, -0.146079)
bones/10/rotation = Quaternion(0.569254, 0.419464, -0.569254, 0.419464)
bones/11/rotation = Quaternion(-0.395781, -0.540346, 0.116132, 0.733415)
bones/12/rotation = Quaternion(-0.100207, -0.706038, -0.258105, 0.651805)
bones/13/rotation = Quaternion(0.126101, -0.278026, 0.0284856, 0.951834)
bones/14/rotation = Quaternion(0.403675, -0.239573, 0.14005, 0.871801)
bones/15/scale = Vector3(1.00058, 1.00049, 1.00015)
bones/16/rotation = Quaternion(0.107394, 0.00614312, -0.0139509, 0.9941)
bones/17/rotation = Quaternion(0.28295, 5.21541e-05, 0.0230515, 0.958858)
bones/18/rotation = Quaternion(0.2567, 1.59442e-06, 0.020913, 0.966265)
bones/20/rotation = Quaternion(0.431874, -0.00055058, 0.0706178, 0.899165)
bones/21/rotation = Quaternion(0.819461, 0.000570907, 0.0667604, 0.569233)
bones/22/rotation = Quaternion(0.163492, 8.55913e-06, 0.0133196, 0.986455)
bones/24/rotation = Quaternion(0.477138, 0.0356927, 0.00768265, 0.87807)
bones/25/rotation = Quaternion(0.761336, -9.97529e-05, 0.0620248, 0.645384)
bones/26/rotation = Quaternion(0.424966, -0.000151366, 0.0346213, 0.904547)
bones/28/rotation = Quaternion(0.534238, 0.0453357, 0.00577516, 0.844098)
bones/29/rotation = Quaternion(0.657531, 0.00179696, 0.0535682, 0.751519)
bones/30/rotation = Quaternion(0.496766, 0.000863429, 0.040471, 0.86694)
bones/32/rotation = Quaternion(0.31271, 0.650077, 0.534321, -0.440583)
bones/33/rotation = Quaternion(0.40235, 0.722326, -0.251065, 0.503314)
bones/34/rotation = Quaternion(0.217884, -0.672701, 0.217884, 0.672701)
bones/35/rotation = Quaternion(-0.11949, -0.32305, -0.153961, 0.926098)
bones/36/rotation = Quaternion(-0.169672, 0.723282, 0.147072, 0.653027)
bones/37/rotation = Quaternion(-0.02386, 0.173514, 0.045911, 0.983471)
bones/38/rotation = Quaternion(-0.0814913, -0.0230851, -0.0358666, 0.995761)
bones/39/scale = Vector3(1.00058, 1.00049, 1.00015)
bones/40/rotation = Quaternion(0.31116, -0.0126205, -0.0310287, 0.949767)
bones/41/rotation = Quaternion(0.497548, 6.06621e-05, -0.0509873, 0.865937)
bones/42/rotation = Quaternion(0.206991, -2.03145e-06, -0.0212117, 0.978113)
bones/44/rotation = Quaternion(0.438472, -0.0182256, -0.0438309, 0.89749)
bones/45/rotation = Quaternion(0.53658, -1.083e-05, -0.0549871, 0.842056)
bones/46/rotation = Quaternion(0.155917, 2.98069e-06, -0.0159778, 0.987641)
bones/48/rotation = Quaternion(0.506857, -0.0260269, -0.0425765, 0.860585)
bones/49/rotation = Quaternion(0.58632, 7.65138e-06, -0.0600843, 0.807848)
bones/50/rotation = Quaternion(0.22264, 2.44379e-06, -0.0228153, 0.974634)
bones/52/rotation = Quaternion(0.590605, -0.0671419, 0.00214782, 0.80416)
bones/53/rotation = Quaternion(0.530201, 0.00194363, -0.0543336, 0.846127)
bones/54/rotation = Quaternion(0.123804, 0.000437521, -0.0126871, 0.992226)
bones/56/rotation = Quaternion(0.0652791, 0.269507, 0.960676, 0.0143764)
bones/57/rotation = Quaternion(0.0187389, 0.63994, -0.768191, 0.0028643)
bones/58/rotation = Quaternion(-0.0982302, 0.683164, -0.700347, -0.182079)
bones/59/rotation = Quaternion(6.03036e-08, 0.992397, -0.123079, 3.8582e-09)
bones/61/rotation = Quaternion(0.0766432, 0.405954, 0.908276, 0.0660466)
bones/62/rotation = Quaternion(0.000204014, 0.809077, -0.586265, 0.0410808)
bones/63/rotation = Quaternion(0.11077, 0.516928, -0.847445, 0.0484995)
bones/64/rotation = Quaternion(-1.45839e-08, 0.99707, 0.0764896, 2.27535e-08)

[node name="Physical Bone Root" parent="x_bot/Armature/GeneralSkeleton/PhysicalBoneSimulator3D" index="0"]
transform = Transform3D(-1, 4.97099e-06, 7.40968e-08, 0, 0.0149042, -0.999889, -4.97154e-06, -0.999889, -0.0149042, -3.86365e-08, 0.521374, 0.00777153)
joint_offset = Transform3D(1, 0, 0, 0, 1, 0, 0, 0, 1, -2.4869e-14, 5.58794e-09, 0.521432)
body_offset = Transform3D(-1, 4.97099e-06, 7.40968e-08, 0, 0.0149042, -0.999889, -4.97154e-06, -0.999889, -0.0149042, -3.86365e-08, 0.521374, 0.00777153)

[node name="Physical Bone Hips" parent="x_bot/Armature/GeneralSkeleton/PhysicalBoneSimulator3D" index="1"]
transform = Transform3D(-0.990717, 0.123259, 0.0573325, -0.0443823, 0.105358, -0.993443, -0.128491, -0.986766, -0.09891, -0.00291905, 0.892483, 0.00503578)
joint_offset = Transform3D(1, 0, 0, 0, 1, 0, 0, 0, 1, -3.42862e-08, -6.23986e-08, 0.0509139)
body_offset = Transform3D(-1, 3.89218e-05, 4.97326e-07, 6.51926e-09, 0.0129169, -0.999917, -3.89367e-05, -0.999917, -0.0129169, -5.96046e-08, 0.0509097, 0.000657588)

[node name="CollisionShape3D" parent="x_bot/Armature/GeneralSkeleton/PhysicalBoneSimulator3D/Physical Bone Hips" index="0"]
transform = Transform3D(1, 1.86265e-09, 0, 0, 1.49012e-08, 1, 0, -1, 0, 0, 0, 0)

[node name="Physical Bone Spine" parent="x_bot/Armature/GeneralSkeleton/PhysicalBoneSimulator3D" index="2"]
transform = Transform3D(0.977391, -0.211439, -0.000139723, -0.024468, -0.112449, -0.993356, 0.210018, 0.970901, -0.11508, -0.00583072, 0.992742, 0.0158263)
joint_type = 3
joint_offset = Transform3D(1, 0, 0, 0, 1, 0, 0, 0, 1, 8.4753e-09, 6.78934e-07, 0.050014)
body_offset = Transform3D(1, 2.98023e-08, -2.04891e-08, -2.23517e-08, 0.147032, -0.989132, 0, 0.989132, 0.147032, -7.45058e-09, 0.0494704, -0.00735433)
joint_constraints/angular_limit_enabled = false
joint_constraints/angular_limit_upper = 90.0
joint_constraints/angular_limit_lower = -90.0
joint_constraints/angular_limit_bias = 0.3
joint_constraints/angular_limit_softness = 0.9
joint_constraints/angular_limit_relaxation = 1.0

[node name="Physical Bone Chest" parent="x_bot/Armature/GeneralSkeleton/PhysicalBoneSimulator3D" index="3"]
transform = Transform3D(0.970707, -0.240103, 0.00890339, -0.0333697, -0.171421, -0.984633, 0.23794, 0.955492, -0.174412, -0.00623913, 1.08832, 0.0297134)
joint_offset = Transform3D(1, 0, 0, 0, 1, 0, 0, 0, 1, 3.62997e-09, -9.65316e-07, 0.0466139)
body_offset = Transform3D(1, -3.12924e-07, 8.19564e-08, 1.41561e-07, 0.147032, -0.989132, 3.57628e-07, 0.989132, 0.147032, -7.45058e-09, 0.0461074, -0.00685278)

[node name="Physical Bone UpperChest" parent="x_bot/Armature/GeneralSkeleton/PhysicalBoneSimulator3D" index="4"]
transform = Transform3D(0.963214, -0.26744, 0.0263518, -0.0442195, -0.254452, -0.966074, 0.265072, 0.929371, -0.256918, -0.00887596, 1.21568, 0.0595062)
joint_offset = Transform3D(1, 0, 0, 0, 1, 0, 0, 0, 1, -4.27743e-08, -2.51457e-08, 0.0843263)
body_offset = Transform3D(1, -6.10948e-07, -6.70552e-08, 2.98023e-08, 0.121494, -0.992592, 6.4075e-07, 0.992592, 0.121494, 4.84288e-08, 0.0837016, -0.0102451)

[node name="Physical Bone Neck" parent="x_bot/Armature/GeneralSkeleton/PhysicalBoneSimulator3D" index="5"]
transform = Transform3D(-0.973001, 0.183326, 0.140217, 0.000592874, 0.609506, -0.792781, -0.230801, -0.771293, -0.593159, -0.0179436, 1.33585, 0.11013)
joint_offset = Transform3D(1, 0, 0, 0, 1, 0, 0, 0, 1, 1.96176e-08, 1.22935e-07, 0.0488201)
body_offset = Transform3D(-1, -1.78814e-07, -2.08616e-07, 1.49012e-07, 0.172567, -0.984998, 1.49012e-07, -0.984998, -0.172567, 2.98023e-08, 0.0480877, 0.00842488)

[node name="Physical Bone Head" parent="x_bot/Armature/GeneralSkeleton/PhysicalBoneSimulator3D" index="6"]
transform = Transform3D(-0.942975, -0.0976639, 0.318213, -0.30246, 0.65056, -0.696628, -0.138981, -0.753149, -0.643001, -0.0618282, 1.45564, 0.21393)
joint_offset = Transform3D(1, 0, 0, 0, 1, 0, 0, 0, 1, -2.66169e-07, -1.29268e-06, 0.116395)
body_offset = Transform3D(-1, -1.63913e-07, -2.38419e-07, 2.38419e-07, 0.322225, -0.946663, 2.5332e-07, -0.946663, -0.322225, -2.38419e-07, 0.110187, 0.037504)

[node name="Physical Bone RightShoulder" parent="x_bot/Armature/GeneralSkeleton/PhysicalBoneSimulator3D" index="7"]
transform = Transform3D(-0.0557033, -0.40343, 0.913313, 0.98661, -0.16268, -0.0116858, 0.153293, 0.900433, 0.40709, -0.100949, 1.24698, 0.0248999)
joint_offset = Transform3D(1, 0, 0, 0, 1, 0, 0, 0, 1, 9.93232e-05, 1.9618e-05, 0.0541951)
body_offset = Transform3D(0.228883, -0.951419, -0.205947, -2.12342e-07, 0.211563, -0.977364, 0.973454, 0.223702, 0.048423, 0.0111572, 0.0529642, -0.00272536)

[node name="Physical Bone RightUpperArm" parent="x_bot/Armature/GeneralSkeleton/PhysicalBoneSimulator3D" index="8"]
transform = Transform3D(0.38233, 0.911495, 0.15166, 0.455843, -0.328822, 0.827093, 0.80376, -0.247089, -0.541217, -0.17156, 1.13257, 0.0782199)
joint_offset = Transform3D(1, 0, 0, 0, 1, 0, 0, 0, 1, -5.84126e-06, -2.22459e-06, 0.139208)
body_offset = Transform3D(1, -6.10948e-07, 0, 1.49012e-07, 4.76837e-07, -1, 4.17233e-07, 1, 5.66244e-07, 5.84126e-06, 0.139208, 2.14577e-06)

[node name="Physical Bone RightLowerArm" parent="x_bot/Armature/GeneralSkeleton/PhysicalBoneSimulator3D" index="9"]
transform = Transform3D(-0.911495, 0.031609, -0.410094, 0.328822, 0.654957, -0.680373, 0.247088, -0.755005, -0.607384, -0.13459, 1.11381, 0.239589)
joint_offset = Transform3D(1, 0, 0, 0, 1, 0, 0, 0, 1, -3.72909e-07, 1.68855e-08, 0.141644)
body_offset = Transform3D(1, -9.08971e-07, -3.12924e-07, -1.78814e-07, -1.49012e-07, -1, 7.00355e-07, 1, -1.19209e-07, 4.17233e-07, 0.141644, 0)

[node name="Physical Bone RightHand" parent="x_bot/Armature/GeneralSkeleton/PhysicalBoneSimulator3D" index="10"]
transform = Transform3D(0.903222, -0.255747, -0.344651, -0.428789, -0.503703, -0.749949, 0.0181959, 0.825153, -0.564616, -0.0696647, 1.22506, 0.336823)
joint_offset = Transform3D(1, 0, 0, 0, 1, 0, 0, 0, 1, 3.86499e-06, 3.44659e-06, 0.0198443)
body_offset = Transform3D(-0.506169, -0.535691, -0.675891, -1.30385e-08, 0.783701, -0.621138, 0.862434, -0.314401, -0.396685, 0.0134164, 0.0123234, 0.00786971)

[node name="Physical Bone LeftShoulder" parent="x_bot/Armature/GeneralSkeleton/PhysicalBoneSimulator3D" index="11"]
transform = Transform3D(0.123481, -0.513237, -0.849318, -0.987668, -0.146578, -0.0550198, -0.0962528, 0.845638, -0.525007, 0.0825714, 1.24547, 0.0996988)
joint_offset = Transform3D(1, 0, 0, 0, 1, 0, 0, 0, 1, 9.78468e-05, -2.30243e-05, 0.0541835)
body_offset = Transform3D(0.22879, 0.951439, 0.205958, 1.41561e-07, 0.21157, -0.977363, -0.973476, 0.223611, 0.048405, -0.01116, 0.0529618, -0.00252235)

[node name="Physical Bone LeftUpperArm" parent="x_bot/Armature/GeneralSkeleton/PhysicalBoneSimulator3D" index="12"]
transform = Transform3D(0.601234, -0.785934, 0.144308, -0.789051, -0.55542, 0.262503, -0.126159, -0.271692, -0.954079, 0.108535, 1.21182, 0.260937)
joint_offset = Transform3D(1, 0, 0, 0, 1, 0, 0, 0, 1, -7.6407e-07, 3.99115e-07, 0.139208)
body_offset = Transform3D(1, -2.34693e-07, 1.20699e-06, 1.12504e-06, -3.8743e-07, -1, 3.35276e-07, 1, -2.98023e-07, 5.96046e-07, 0.139208, -3.57628e-07)

[node name="Physical Bone LeftLowerArm" parent="x_bot/Armature/GeneralSkeleton/PhysicalBoneSimulator3D" index="13"]
transform = Transform3D(-0.785933, -0.402459, 0.469399, -0.55542, 0.793116, -0.24995, -0.271694, -0.457158, -0.84687, 0.0219575, 1.21068, 0.513706)
joint_offset = Transform3D(1, 0, 0, 0, 1, 0, 0, 0, 1, -2.25669e-07, -2.08869e-07, 0.141644)
body_offset = Transform3D(1, -2.68221e-07, -1.77324e-06, -1.95205e-06, -3.27826e-07, -1, 3.35276e-07, 1, -2.08616e-07, 4.76837e-07, 0.141644, 2.38419e-07)

[node name="Physical Bone LeftHand" parent="x_bot/Armature/GeneralSkeleton/PhysicalBoneSimulator3D" index="14"]
transform = Transform3D(0.390263, -0.917279, -0.0793366, -0.8791, -0.345632, -0.328209, 0.273638, 0.197833, -0.941267, -0.0429581, 1.25259, 0.65234)
joint_offset = Transform3D(1, 0, 0, 0, 1, 0, 0, 0, 1, -2.69106e-06, -3.80818e-06, 0.019844)
body_offset = Transform3D(-0.506709, 0.535593, 0.675564, 0, 0.78361, -0.621253, -0.862117, -0.314795, -0.397062, -0.0134052, 0.0123312, 0.0078758)

[node name="Physical Bone RightUpperLeg" parent="x_bot/Armature/GeneralSkeleton/PhysicalBoneSimulator3D" index="15"]
transform = Transform3D(0.999955, 0.00163464, 0.00931932, -0.00760061, -0.447824, 0.894089, 0.00563494, -0.89412, -0.447792, -0.0776382, 0.574219, 0.0671838)
joint_offset = Transform3D(1, 0, 0, 0, 1, 0, 0, 0, 1, 1.76506e-08, 8.8627e-07, 0.221858)
body_offset = Transform3D(-1, -6.09551e-07, -2.11876e-08, 1.86265e-09, 0.00779602, -0.99997, 5.97909e-07, -0.99997, -0.00779605, 2.23517e-08, 0.221851, 0.0017305)

[node name="Physical Bone RightLowerLeg" parent="x_bot/Armature/GeneralSkeleton/PhysicalBoneSimulator3D" index="16"]
transform = Transform3D(-0.99911, -0.0355971, 0.0226412, 0.0394801, -0.978092, 0.204395, 0.0148693, 0.205107, 0.978627, -0.084747, 0.330347, -0.0513746)
joint_offset = Transform3D(1, 0, 0, 0, 1, 0, 0, 0, 1, 8.97922e-08, -6.02566e-07, 0.222663)
body_offset = Transform3D(-1, -9.10368e-08, -6.51926e-08, 4.37722e-08, 0.0683478, -0.997662, 8.89413e-08, -0.997662, -0.0683478, 1.04308e-07, 0.222142, 0.0152179)

[node name="Physical Bone RightFoot" parent="x_bot/Armature/GeneralSkeleton/PhysicalBoneSimulator3D" index="17"]
transform = Transform3D(-0.903482, -0.331057, 0.272253, 0.37501, -0.302923, 0.876131, -0.207577, 0.893666, 0.397835, -0.108601, 0.224325, -0.296716)
joint_offset = Transform3D(1, 0, 0, 0, 1, 0, 0, 0, 1, -6.3078e-06, -7.22706e-07, 0.0690823)
body_offset = Transform3D(1, -3.27826e-07, -1.49012e-07, 2.49594e-07, 0.631721, -0.775196, 3.72529e-07, 0.775196, 0.631721, 6.31809e-06, 0.0535527, -0.0436402)

[node name="Physical Bone LeftUpperLeg" parent="x_bot/Armature/GeneralSkeleton/PhysicalBoneSimulator3D" index="18"]
transform = Transform3D(0.991205, -0.0697613, 0.112453, -0.129843, -0.676784, 0.72464, 0.0255546, -0.732869, -0.67989, 0.0621135, 0.619099, 0.139763)
joint_offset = Transform3D(1, 0, 0, 0, 1, 0, 0, 0, 1, 1.40749e-07, 1.45345e-06, 0.221858)
body_offset = Transform3D(-1, -3.30247e-06, 2.27243e-07, -2.64496e-07, 0.00781935, -0.999969, 3.31365e-06, -0.999969, -0.00781929, 9.03383e-08, 0.221851, 0.00173622)

[node name="Physical Bone LeftLowerLeg" parent="x_bot/Armature/GeneralSkeleton/PhysicalBoneSimulator3D" index="19"]
transform = Transform3D(-0.988669, -0.0303666, 0.147007, 0.139262, -0.551087, 0.822745, 0.0560295, 0.833895, 0.549072, 0.0044358, 0.275159, 0.168355)
joint_offset = Transform3D(1, 0, 0, 0, 1, 0, 0, 0, 1, -2.6098e-08, 7.62753e-07, 0.222638)
body_offset = Transform3D(-1, -9.68575e-08, -5.02914e-08, 7.07805e-08, 0.0683736, -0.99766, 1.30385e-07, -0.99766, -0.0683736, -1.49012e-08, 0.222117, 0.0152233)

[node name="Physical Bone LeftFoot" parent="x_bot/Armature/GeneralSkeleton/PhysicalBoneSimulator3D" index="20"]
transform = Transform3D(-0.969379, 0.158823, -0.187296, -0.00996277, 0.736637, 0.676216, 0.245367, 0.657375, -0.712498, -0.0153488, 0.0452672, 0.0953308)
joint_offset = Transform3D(1, 0, 0, 0, 1, 0, 0, 0, 1, 6.40725e-06, -8.67993e-07, 0.0690821)
body_offset = Transform3D(1, -5.81145e-07, -1.04308e-07, 2.38419e-07, 0.631721, -0.775196, 5.18747e-07, 0.775196, 0.631721, -6.40005e-06, 0.0535527, -0.0436399)

[node name="CollisionShape3D" type="CollisionShape3D" parent="."]
transform = Transform3D(1, 0, 0, 0, 1, 0, 0, 0, 1, 0, 1, 0)
shape = SubResource("CapsuleShape3D_y8poy")

[node name="RollbackSynchronizer" type="Node" parent="." node_paths=PackedStringArray("root")]
script = ExtResource("2_ktqdq")
root = NodePath("..")
state_properties = Array[String](["RewindableStateMachine:state", ":transform", ":velocity", "x_bot:transform"])
input_properties = Array[String](["PlayerInput:input_dir", "PlayerInput:jump_input", "PlayerInput:run_input", "CameraInput:camera_basis", "PlayerInput:fire_input", "PlayerInput:interact_input", "PlayerInput:switch_up_input", "PlayerInput:switch_down_input"])
metadata/_custom_type_script = ExtResource("2_ktqdq")

[node name="TickInterpolator" type="Node" parent="." node_paths=PackedStringArray("root")]
script = ExtResource("4_a47yd")
root = NodePath("..")
properties = Array[String]([":transform", "x_bot:transform"])
metadata/_custom_type_script = ExtResource("4_a47yd")

[node name="RewindableStateMachine" type="Node" parent="."]
script = ExtResource("3_lo6j0")
metadata/_custom_type_script = ExtResource("3_lo6j0")

[node name="IdleState" type="Node" parent="RewindableStateMachine" node_paths=PackedStringArray("camera_input", "player_model", "player_input", "parent")]
script = ExtResource("5_4l86x")
animation_name = "rifle aiming idle"
camera_input = NodePath("../../CameraInput")
player_model = NodePath("../../x_bot")
player_input = NodePath("../../PlayerInput")
parent = NodePath("../..")

[node name="JumpState" type="Node" parent="RewindableStateMachine" node_paths=PackedStringArray("camera_input", "player_model", "player_input", "parent")]
script = ExtResource("6_a47yd")
animation_name = "strafe (2)"
camera_input = NodePath("../../CameraInput")
player_model = NodePath("../../x_bot")
player_input = NodePath("../../PlayerInput")
parent = NodePath("../..")

[node name="MoveState" type="Node" parent="RewindableStateMachine" node_paths=PackedStringArray("camera_input", "player_model", "player_input", "parent")]
script = ExtResource("8_a47yd")
animation_name = "rifle run"
camera_input = NodePath("../../CameraInput")
player_model = NodePath("../../x_bot")
player_input = NodePath("../../PlayerInput")
parent = NodePath("../..")

[node name="FallState" type="Node" parent="RewindableStateMachine" node_paths=PackedStringArray("camera_input", "player_model", "player_input", "parent")]
script = ExtResource("8_4l86x")
animation_name = "strafe"
camera_input = NodePath("../../CameraInput")
player_model = NodePath("../../x_bot")
player_input = NodePath("../../PlayerInput")
parent = NodePath("../..")

[node name="CameraInput" parent="." node_paths=PackedStringArray("rollback_synchronizer") instance=ExtResource("4_g37aj")]
rollback_synchronizer = NodePath("../RollbackSynchronizer")

[node name="PlayerInput" type="Node" parent="."]
script = ExtResource("10_kusnb")

[node name="PlayerUi" parent="." instance=ExtResource("12_ua4at")]

[node name="RightHandBoneAttachment" type="BoneAttachment3D" parent="."]
transform = Transform3D(-0.0872351, 0.0136467, 0.996095, 0.993752, 0.07107, 0.0860562, -0.069618, 0.997378, -0.019761, -0.0765014, 1.21018, 0.325622)
bone_name = "RightHand"
bone_idx = 11
use_external_skeleton = true
external_skeleton = NodePath("../x_bot/Armature/GeneralSkeleton")

[node name="WeaponsManager" parent="RightHandBoneAttachment" node_paths=PackedStringArray("player") instance=ExtResource("13_nrabn")]
transform = Transform3D(-6.21658e-08, 1, -1.11759e-07, -2.23517e-08, 3.72529e-08, -1, -1, -6.63567e-09, -1.11759e-08, 0.374843, -0.0741678, 0.265788)
player = NodePath("../..")

[node name="blasterL" parent="RightHandBoneAttachment/WeaponsManager/Weapons_Models" index="2"]
visible = true

[node name="blasterP2" parent="RightHandBoneAttachment/WeaponsManager/Weapons_Models" index="4"]
transform = Transform3D(-0.97237, -0.233408, -0.00407487, 0, 0.0174555, -0.999848, 0.233443, -0.972222, -0.0169732, 0.32, 1.014, -0.35)

[editable path="x_bot"]
[editable path="RightHandBoneAttachment/WeaponsManager"]
