[gd_scene load_steps=22 format=3 uid="uid://dup2jh8uleo3l"]

[ext_resource type="Script" uid="uid://dc7w7oe3lm0eu" path="res://scripts/player.gd" id="1_u2qrv"]
[ext_resource type="Script" uid="uid://d350u8evihs1u" path="res://addons/netfox/rollback/rollback-synchronizer.gd" id="2_ktqdq"]
[ext_resource type="PackedScene" uid="uid://0by3fcnl3a5n" path="res://assets/characters/master/master_scene.tscn" id="2_v7wsi"]
[ext_resource type="Script" uid="uid://byrgwv2o7hstx" path="res://addons/netfox.extras/state-machine/rewindable-state-machine.gd" id="3_lo6j0"]
[ext_resource type="Script" uid="uid://dour8fehaaugp" path="res://addons/netfox/tick-interpolator.gd" id="4_a47yd"]
[ext_resource type="PackedScene" uid="uid://l1d8hwvn7hbq" path="res://scenes/player/camera_input.tscn" id="4_g37aj"]
[ext_resource type="Script" uid="uid://bbhybl3bvg0b6" path="res://scripts/states/movement/idle_state.gd" id="5_4l86x"]
[ext_resource type="Script" uid="uid://btj80uq43ccmt" path="res://scripts/states/movement/jump_state.gd" id="6_a47yd"]
[ext_resource type="Script" uid="uid://8ympfbj5i4hc" path="res://scripts/states/movement/fall_state.gd" id="8_4l86x"]
[ext_resource type="Script" uid="uid://dlfbk4aggn6u1" path="res://scripts/states/movement/move_state.gd" id="8_a47yd"]
[ext_resource type="Script" uid="uid://c8pgkna7f6aye" path="res://scripts/states/movement/ragdoll.gd" id="10_gjnd3"]
[ext_resource type="Script" uid="uid://5oxt7p6a1uo8" path="res://scripts/player_input.gd" id="10_kusnb"]
[ext_resource type="PackedScene" uid="uid://qsh5m8pulul5" path="res://scripts/systems/HealthSystem.tscn" id="11_2hvjq"]
[ext_resource type="PackedScene" uid="uid://btdemgg0e0b4o" path="res://scenes/player/player_ui.tscn" id="12_ua4at"]
[ext_resource type="Script" uid="uid://d0r47oscrxt5o" path="res://scripts/states/movement/dead.gd" id="13_2hvjq"]
[ext_resource type="Script" uid="uid://r1boayxutr47" path="res://scripts/states/movement/static.gd" id="13_h5dd4"]
[ext_resource type="PackedScene" uid="uid://cf6jco7ctb45m" path="res://weapon_manager/weapons_manager.tscn" id="13_nrabn"]
[ext_resource type="PackedScene" uid="uid://dwphcc8ns8ypb" path="res://scripts/systems/HeatSystem.tscn" id="15_h5dd4"]

[sub_resource type="SceneReplicationConfig" id="SceneReplicationConfig_nrabn"]
properties/0/path = NodePath("master/AnimationPlayer:active")
properties/0/spawn = true
properties/0/replication_mode = 2
properties/1/path = NodePath("master/AnimationPlayer:current_animation")
properties/1/spawn = true
properties/1/replication_mode = 1
properties/2/path = NodePath("master/AnimationPlayer:speed_scale")
properties/2/spawn = true
properties/2/replication_mode = 2
properties/3/path = NodePath("master/Armature/GeneralSkeleton/PhysicalBoneSimulator3D:active")
properties/3/spawn = true
properties/3/replication_mode = 1
properties/4/path = NodePath(".:pvp")
properties/4/spawn = true
properties/4/replication_mode = 2

[sub_resource type="CapsuleShape3D" id="CapsuleShape3D_y8poy"]
radius = 0.3
height = 1.5

[sub_resource type="CapsuleShape3D" id="CapsuleShape3D_2hvjq"]
radius = 0.15
height = 0.4

[node name="PlayerRootMotion" type="CharacterBody3D" node_paths=PackedStringArray("_player_input", "_camera_input", "_player_model", "_state_machine", "_tick_interpolator", "sync", "skeleton", "bones", "chest", "look_at_target", "health_system", "heat_system", "weapons_manager", "weapon_pivot", "player_ui")]
platform_on_leave = 2
platform_floor_layers = 0
script = ExtResource("1_u2qrv")
_player_input = NodePath("PlayerInput")
_camera_input = NodePath("CameraInput")
_player_model = NodePath("master")
_state_machine = NodePath("RewindableStateMachine")
_tick_interpolator = NodePath("TickInterpolator")
sync = NodePath("MultiplayerSynchronizer")
skeleton = NodePath("master/Armature/GeneralSkeleton")
bones = NodePath("master/Armature/GeneralSkeleton/PhysicalBoneSimulator3D")
chest = NodePath("master/Armature/GeneralSkeleton/PhysicalBoneSimulator3D/Physical Bone Chest")
look_at_target = NodePath("CameraInput/CameraMount/CameraRot/Holder")
health_system = NodePath("HealthSystem")
heat_system = NodePath("HeatSystem")
weapons_manager = NodePath("RightHandBoneAttachment/WeaponPivot/WeaponPivotFinal/WeaponsManager")
weapon_pivot = NodePath("RightHandBoneAttachment/WeaponPivot")
player_ui = NodePath("PlayerUi")

[node name="master" parent="." instance=ExtResource("2_v7wsi")]

[node name="GeneralSkeleton" parent="master/Armature" index="0"]
bones/1/position = Vector3(0, 1.01474, -2.23517e-08)
bones/1/rotation = Quaternion(-0.111724, -0.340656, -0.0256631, 0.933173)
bones/2/rotation = Quaternion(0.0696819, 0.000131419, -0.00315373, 0.997564)
bones/3/rotation = Quaternion(0.142749, -0.000154882, -0.00659957, 0.989737)
bones/4/rotation = Quaternion(0.142753, -0.000767852, -0.00646854, 0.989737)
bones/5/rotation = Quaternion(0.00367602, 0.0652119, 0.00750238, 0.997836)
bones/6/rotation = Quaternion(-0.0401355, 0.192197, 0.0901436, 0.976383)
bones/8/rotation = Quaternion(0.603042, 0.664832, 0.316275, -0.307098)
bones/9/rotation = Quaternion(0.230938, 0.812192, -0.459651, 0.275196)
bones/10/rotation = Quaternion(0.379905, -0.596382, 0.379905, 0.596383)
bones/11/rotation = Quaternion(-0.268708, -0.2406, -0.0800929, 0.929243)
bones/12/rotation = Quaternion(-0.169099, 0.723882, 0.146547, 0.652628)
bones/13/rotation = Quaternion(-0.0239176, 0.173716, 0.0451123, 0.983471)
bones/14/rotation = Quaternion(-0.0832054, -0.0236832, -0.0366951, 0.995575)
bones/16/rotation = Quaternion(0.315086, -0.0125761, -0.0319876, 0.948441)
bones/17/rotation = Quaternion(0.499451, 8.62032e-06, -0.0511836, 0.864829)
bones/18/rotation = Quaternion(0.209056, 1.38581e-06, -0.0214241, 0.977669)
bones/20/rotation = Quaternion(0.441256, -0.0180506, -0.0446587, 0.896087)
bones/21/rotation = Quaternion(0.535757, 5.58794e-06, -0.0549041, 0.842585)
bones/22/rotation = Quaternion(0.154932, 1.60933e-06, -0.0158774, 0.987798)
bones/24/rotation = Quaternion(0.507392, -0.0259757, -0.0427763, 0.860261)
bones/25/rotation = Quaternion(0.586002, -1.16006e-05, -0.0600532, 0.808081)
bones/26/rotation = Quaternion(0.22264, 1.40071e-06, -0.0228159, 0.974634)
bones/28/rotation = Quaternion(0.591182, -0.0695519, 0.00186139, 0.803531)
bones/29/rotation = Quaternion(0.528815, 7.94977e-06, -0.0541928, 0.847005)
bones/30/rotation = Quaternion(0.122178, 1.3411e-06, -0.0125208, 0.992429)
bones/32/rotation = Quaternion(0.660634, -0.614887, -0.217027, -0.371988)
bones/33/rotation = Quaternion(-0.551948, 0.65935, -0.495314, 0.123591)
bones/34/rotation = Quaternion(0.535449, 0.461838, -0.53545, 0.461838)
bones/35/rotation = Quaternion(-0.283002, -0.343607, 0.057477, 0.893611)
bones/36/rotation = Quaternion(-0.102137, -0.705425, -0.256448, 0.652824)
bones/37/rotation = Quaternion(0.123782, -0.275824, 0.0300284, 0.952732)
bones/38/rotation = Quaternion(0.406183, -0.237284, 0.139427, 0.871362)
bones/40/rotation = Quaternion(0.10813, 0.00638808, -0.0157571, 0.993991)
bones/41/rotation = Quaternion(0.28301, -4.30644e-06, 0.0223091, 0.958858)
bones/42/rotation = Quaternion(0.256754, -1.65403e-06, 0.0202396, 0.966265)
bones/44/rotation = Quaternion(0.433077, 0.000530213, 0.0682011, 0.898773)
bones/45/rotation = Quaternion(0.819464, -6.85454e-06, 0.0645973, 0.569479)
bones/46/rotation = Quaternion(0.163234, -1.75834e-06, 0.0128675, 0.986503)
bones/48/rotation = Quaternion(0.47751, 0.0364934, 0.00473994, 0.877855)
bones/49/rotation = Quaternion(0.761809, 1.37985e-05, 0.0600522, 0.645013)
bones/50/rotation = Quaternion(0.425055, -2.04146e-06, 0.0335068, 0.904547)
bones/52/rotation = Quaternion(0.534623, 0.0448553, 0.00433183, 0.843888)
bones/53/rotation = Quaternion(0.658187, -2.12342e-07, 0.0518841, 0.751065)
bones/54/rotation = Quaternion(0.497471, -3.65079e-07, 0.0392149, 0.866594)
bones/56/rotation = Quaternion(0.0470909, -0.036033, 0.997017, 0.0493994)
bones/57/rotation = Quaternion(-0.00819656, 0.964775, -0.262893, -0.00532858)
bones/58/rotation = Quaternion(-0.0559717, 0.55953, -0.814029, -0.145434)
bones/59/rotation = Quaternion(5.13665e-08, 1, 0.000178814, -3.0293e-08)
bones/61/rotation = Quaternion(0.394896, 0.0735167, 0.903504, -0.149442)
bones/62/rotation = Quaternion(0.00461646, 0.981354, -0.192043, 0.00650275)
bones/63/rotation = Quaternion(-0.00810012, 0.722716, -0.690671, 0.0243002)
bones/64/rotation = Quaternion(5.66348e-08, 1, 3.27826e-07, 1.31709e-09)

[node name="Physical Bone Hips" parent="master/Armature/GeneralSkeleton/PhysicalBoneSimulator3D" index="0"]
transform = Transform3D(0.78355, -0.584372, -0.211092, 0.0220248, 0.365652, -0.930491, 0.620939, 0.724437, 0.299377, 0.0101233, 1.05937, -0.0143595)
joint_offset = Transform3D(1, 0, 0, 0, 1, 0, 0, 0, 1, 1.3236e-06, 4.10248e-07, 0.0479608)
body_offset = Transform3D(0.999625, 0.027085, 0.00397369, -6.10948e-07, 0.145181, -0.989405, -0.027375, 0.989034, 0.145127, -0.000191916, 0.0474526, -0.00696076)

[node name="Physical Bone Spine" parent="master/Armature/GeneralSkeleton/PhysicalBoneSimulator3D" index="1"]
transform = Transform3D(0.783411, -0.607826, -0.129673, 0.0195395, 0.232627, -0.97237, 0.621197, 0.759231, 0.194119, 0.0275025, 1.15838, -0.0395769)
joint_offset = Transform3D(1, 0, 0, 0, 1, 0, 0, 0, 1, 4.2039e-07, 2.06754e-06, 0.0559368)
body_offset = Transform3D(0.999629, 0.0269312, 0.00395172, -2.98023e-08, 0.14518, -0.989405, -0.0272195, 0.989039, 0.145126, -0.000221523, 0.0553439, -0.00811993)

[node name="Physical Bone Chest" parent="master/Armature/GeneralSkeleton/PhysicalBoneSimulator3D" index="2"]
transform = Transform3D(0.783683, -0.619648, 0.0433303, 0.0142339, -0.0518243, -0.998555, 0.620998, 0.783167, -0.0317937, 0.031995, 1.27664, -0.0484044)
joint_offset = Transform3D(1, 0, 0, 0, 1, 0, 0, 0, 1, -6.42805e-06, 8.40984e-07, 0.0639261)
body_offset = Transform3D(0.99962, 0.0272774, 0.00406088, 5.63487e-05, 0.145232, -0.989398, -0.0275778, 0.989022, 0.145175, -0.000253193, 0.0632482, -0.00928149)

[node name="Physical Bone UpperChest" parent="master/Armature/GeneralSkeleton/PhysicalBoneSimulator3D" index="3"]
transform = Transform3D(0.78369, -0.583566, 0.212792, 0.00872877, -0.332196, -0.94317, 0.621091, 0.74101, -0.255245, 0.013917, 1.40838, -0.0279996)
joint_offset = Transform3D(1, 0, 0, 0, 1, 0, 0, 0, 1, 2.60392e-07, 3.32575e-06, 0.0719429)
body_offset = Transform3D(0.99963, 0.0269247, 0.00395122, 5.36442e-07, 0.145177, -0.989406, -0.027213, 0.989039, 0.145123, -0.000284612, 0.0711802, -0.0104439)

[node name="Physical Bone Head" parent="master/Armature/GeneralSkeleton/PhysicalBoneSimulator3D" index="4"]
transform = Transform3D(-0.882602, 0.111602, 0.456682, -0.384461, 0.387717, -0.837774, -0.270561, -0.914998, -0.299293, -0.0718865, 1.61161, 0.0429878)
joint_offset = Transform3D(1, 0, 0, 0, 1, 0, 0, 0, 1, -2.25527e-07, 2.94577e-06, 0.128854)
body_offset = Transform3D(-1, 0, -2.21282e-06, 2.20537e-06, 0.0950895, -0.995469, 2.08616e-07, -0.995469, -0.0950896, 5.96046e-08, 0.12827, 0.0122556)

[node name="Physical Bone LeftShoulder" parent="master/Armature/GeneralSkeleton/PhysicalBoneSimulator3D" index="5"]
transform = Transform3D(-0.690448, 0.260676, -0.674781, 0.188543, 0.965422, 0.180033, 0.698379, -0.00292228, -0.715722, 0.106661, 1.44087, 0.0767566)
joint_offset = Transform3D(1, 0, 0, 0, 1, 0, 0, 0, 1, 5.2239e-06, 6.50063e-07, 0.0722449)
body_offset = Transform3D(0.999827, -0.0181644, -0.00409955, 1.3411e-06, 0.220209, -0.975453, 0.0186214, 0.975284, 0.220171, 0.00029096, 0.0704713, -0.0159069)

[node name="Physical Bone LeftUpperArm" parent="master/Armature/GeneralSkeleton/PhysicalBoneSimulator3D" index="6"]
transform = Transform3D(0.539833, -0.827277, 0.155541, -0.77105, -0.411828, 0.485674, -0.337731, -0.382112, -0.860191, 0.137391, 1.37162, 0.228086)
joint_offset = Transform3D(1, 0, 0, 0, 1, 0, 0, 0, 1, -1.17048e-06, -2.75925e-06, 0.115813)
body_offset = Transform3D(1, 4.44949e-05, 9.9659e-05, 9.95994e-05, -4.77433e-05, -1, -4.43757e-05, 1, -4.77135e-05, -1.03712e-05, 0.115813, 8.28505e-06)

[node name="Physical Bone LeftLowerArm" parent="master/Armature/GeneralSkeleton/PhysicalBoneSimulator3D" index="7"]
transform = Transform3D(-0.827308, -0.087297, 0.554924, -0.411818, 0.76611, -0.493439, -0.382057, -0.636754, -0.669759, 0.0526163, 1.37476, 0.408297)
joint_offset = Transform3D(1, 0, 0, 0, 1, 0, 0, 0, 1, 3.07433e-06, -1.8292e-06, 0.120359)
body_offset = Transform3D(1, -1.04308e-06, 2.08616e-07, 1.49012e-07, 4.91738e-06, -1, 9.23872e-07, 1, 4.79817e-06, -3.09944e-06, 0.120359, 1.2517e-06)

[node name="Physical Bone LeftHand" parent="master/Armature/GeneralSkeleton/PhysicalBoneSimulator3D" index="8"]
transform = Transform3D(0.610424, -0.713544, 0.343856, -0.621341, -0.70061, -0.350829, 0.491241, 0.000502608, -0.871024, -0.0224965, 1.44265, 0.509978)
joint_offset = Transform3D(1, 0, 0, 0, 1, 0, 0, 0, 1, 5.28665e-06, 2.30735e-06, 0.0241936)
body_offset = Transform3D(-0.787244, 0.531932, 0.311921, -4.58956e-06, 0.505834, -0.862631, -0.616641, -0.679103, -0.398212, -0.00754356, 0.020869, 0.00963902)

[node name="Physical Bone RightShoulder" parent="master/Armature/GeneralSkeleton/PhysicalBoneSimulator3D" index="9"]
transform = Transform3D(0.724575, 0.132186, 0.6764, -0.248018, 0.965694, 0.0769611, -0.643022, -0.223523, 0.732502, -0.0943822, 1.44885, -0.113968)
joint_offset = Transform3D(1, 0, 0, 0, 1, 0, 0, 0, 1, -1.19006e-06, -3.70666e-07, 0.0722444)
body_offset = Transform3D(0.999827, 0.0181746, 0.00409433, -8.07643e-06, 0.220192, -0.975457, -0.01863, 0.975287, 0.220154, -0.000294596, 0.0704713, -0.0159045)

[node name="Physical Bone RightUpperArm" parent="master/Armature/GeneralSkeleton/PhysicalBoneSimulator3D" index="10"]
transform = Transform3D(0.374946, 0.717204, 0.587396, 0.33565, -0.695657, 0.635138, 0.86415, -0.040983, -0.501564, -0.211289, 1.36973, -0.108757)
joint_offset = Transform3D(1, 0, 0, 0, 1, 0, 0, 0, 1, -2.89731e-05, 5.78418e-06, 0.115844)
body_offset = Transform3D(1, 7.0408e-07, -9.83477e-07, -8.04663e-07, -2.44752e-06, -1, -7.52509e-07, 1, -2.59466e-06, 2.90871e-05, 0.115844, -5.48363e-06)

[node name="Physical Bone RightLowerArm" parent="master/Armature/GeneralSkeleton/PhysicalBoneSimulator3D" index="11"]
transform = Transform3D(-0.717198, 0.525994, -0.457119, 0.695665, 0.578965, -0.425265, 0.0409686, -0.623001, -0.781148, -0.224276, 1.34738, 0.0432962)
joint_offset = Transform3D(1, 0, 0, 0, 1, 0, 0, 0, 1, -3.9e-06, -1.08574e-06, 0.12036)
body_offset = Transform3D(1, -1.32583e-05, -5.23403e-06, -5.23031e-06, 5.99027e-06, -1, 1.35172e-05, 1, 6.04987e-06, 4.52995e-06, 0.12036, 3.57628e-07)

[node name="Physical Bone RightHand" parent="master/Armature/GeneralSkeleton/PhysicalBoneSimulator3D" index="12"]
transform = Transform3D(0.692926, -0.607166, -0.388848, -0.718954, -0.541171, -0.436164, 0.0543904, 0.581793, -0.811516, -0.159915, 1.4091, 0.156909)
joint_offset = Transform3D(1, 0, 0, 0, 1, 0, 0, 0, 1, 4.06289e-05, -2.66754e-05, 0.0241318)
body_offset = Transform3D(-0.787314, -0.531838, -0.311905, -5.32717e-07, 0.505887, -0.8626, 0.616552, -0.679137, -0.398292, 0.00754464, 0.0208296, 0.00956834)

[node name="Physical Bone RightUpperLeg" parent="master/Armature/GeneralSkeleton/PhysicalBoneSimulator3D" index="13"]
transform = Transform3D(0.80906, 0.560825, 0.175775, -0.0866771, -0.181948, 0.979481, 0.581299, -0.807694, -0.098596, -0.1145, 0.745932, -0.039818)
joint_offset = Transform3D(1, 0, 0, 0, 1, 0, 0, 0, 1, 5.6601e-07, 1.84039e-05, 0.216832)
body_offset = Transform3D(-1, 3.48687e-06, 8.23289e-07, -7.22706e-07, 0.0300141, -0.99955, -3.54648e-06, -0.99955, -0.0300141, 3.8743e-07, 0.216734, 0.00652641)

[node name="Physical Bone RightLowerLeg" parent="master/Armature/GeneralSkeleton/PhysicalBoneSimulator3D" index="14"]
transform = Transform3D(-0.802715, -0.555023, -0.218172, 0.071624, -0.452914, 0.888673, -0.592047, 0.697724, 0.403314, -0.104068, 0.335858, -0.108185)
joint_offset = Transform3D(1, 0, 0, 0, 1, 0, 0, 0, 1, -5.53151e-06, 1.69501e-06, 0.222471)
body_offset = Transform3D(-1, 2.68221e-07, 5.21541e-07, -4.76837e-07, 0.0937704, -0.995594, -2.98023e-07, -0.995594, -0.0937703, -5.64754e-06, 0.221491, 0.0208629)

[node name="Physical Bone RightFoot" parent="master/Armature/GeneralSkeleton/PhysicalBoneSimulator3D" index="15"]
transform = Transform3D(-0.578433, -0.459957, 0.673687, 0.192777, 0.725399, 0.660782, -0.792624, 0.51209, -0.330926, -0.1229, 0.0721556, -0.164807)
joint_offset = Transform3D(1, 0, 0, 0, 1, 0, 0, 0, 1, -1.3818e-05, -5.22174e-05, 0.0999545)
body_offset = Transform3D(0.981242, -0.142516, -0.129816, 3.69549e-06, 0.673413, -0.739266, 0.192777, 0.725399, 0.660782, 0.0129818, 0.0739281, -0.0660076)

[node name="Physical Bone LeftUpperLeg" parent="master/Armature/GeneralSkeleton/PhysicalBoneSimulator3D" index="16"]
transform = Transform3D(0.982984, -0.130739, -0.129033, 0.0583346, -0.443906, 0.894172, -0.174182, -0.886484, -0.428726, 0.101538, 0.769985, 0.157202)
joint_offset = Transform3D(1, 0, 0, 0, 1, 0, 0, 0, 1, -3.01054e-06, -5.02216e-06, 0.216787)
body_offset = Transform3D(-1, -3.36766e-06, -2.08616e-07, 1.04308e-07, 0.0300123, -0.99955, 3.29316e-06, -0.999549, -0.0300122, -2.96533e-06, 0.21669, 0.00650126)

[node name="Physical Bone LeftLowerLeg" parent="master/Armature/GeneralSkeleton/PhysicalBoneSimulator3D" index="17"]
transform = Transform3D(-0.981723, 0.186804, -0.0363911, -0.0463085, -0.0490024, 0.997725, 0.184596, 0.981174, 0.0567574, 0.137612, 0.35408, 0.237558)
joint_offset = Transform3D(1, 0, 0, 0, 1, 0, 0, 0, 1, -4.2636e-06, -2.74554e-06, 0.222501)
body_offset = Transform3D(-1, 3.18885e-06, 4.47873e-06, -4.16348e-06, 0.0937676, -0.995594, -3.72529e-06, -0.995594, -0.0937675, -5.26011e-06, 0.221521, 0.0208606)

[node name="Physical Bone LeftFoot" parent="master/Armature/GeneralSkeleton/PhysicalBoneSimulator3D" index="18"]
transform = Transform3D(-0.96013, -0.000612399, -0.279553, -0.192852, 0.725396, 0.660764, 0.202382, 0.688332, -0.696593, 0.173669, 0.0660825, 0.294589)
joint_offset = Transform3D(1, 0, 0, 0, 1, 0, 0, 0, 1, 1.12783e-06, -1.13994e-06, 0.0999997)
body_offset = Transform3D(0.981228, 0.142569, 0.129869, 1.69873e-06, 0.673406, -0.739273, -0.192852, 0.725396, 0.660764, -0.0129878, 0.0739278, -0.0660752)

[node name="AnimationPlayer" parent="master" index="1"]
playback_default_blend_time = 0.3

[node name="PlayerInput" type="Node" parent="."]
script = ExtResource("10_kusnb")

[node name="CameraInput" parent="." instance=ExtResource("4_g37aj")]

[node name="RollbackSynchronizer" type="Node" parent="." node_paths=PackedStringArray("root")]
script = ExtResource("2_ktqdq")
root = NodePath("..")
enable_prediction = true
state_properties = Array[String]([":velocity", ":transform", "master:transform", "RewindableStateMachine:state"])
input_properties = Array[String](["PlayerInput:input_dir", "PlayerInput:jump_input", "PlayerInput:run_input", "CameraInput:camera_basis", "CameraInput:camera_look", "PlayerInput:shoot_input", "PlayerInput:aim_input", "PlayerInput:main_menu_input", "PlayerInput:crouch_input"])
enable_input_broadcast = false
metadata/_custom_type_script = "uid://d350u8evihs1u"

[node name="RewindableStateMachine" type="Node" parent="."]
script = ExtResource("3_lo6j0")
metadata/_custom_type_script = "uid://byrgwv2o7hstx"

[node name="Idle" type="Node" parent="RewindableStateMachine" node_paths=PackedStringArray("camera_input", "player_input", "parent")]
script = ExtResource("5_4l86x")
animation_name = "idle aiming"
camera_input = NodePath("../../CameraInput")
player_input = NodePath("../../PlayerInput")
parent = NodePath("../..")

[node name="Jump" type="Node" parent="RewindableStateMachine" node_paths=PackedStringArray("camera_input", "player_input", "parent")]
script = ExtResource("6_a47yd")
animation_name = "jump up"
camera_input = NodePath("../../CameraInput")
player_input = NodePath("../../PlayerInput")
parent = NodePath("../..")

[node name="Move" type="Node" parent="RewindableStateMachine" node_paths=PackedStringArray("camera_input", "player_input", "parent")]
script = ExtResource("8_a47yd")
camera_input = NodePath("../../CameraInput")
player_input = NodePath("../../PlayerInput")
parent = NodePath("../..")

[node name="Fall" type="Node" parent="RewindableStateMachine" node_paths=PackedStringArray("camera_input", "player_input", "parent")]
script = ExtResource("8_4l86x")
animation_name = "jump loop"
camera_input = NodePath("../../CameraInput")
player_input = NodePath("../../PlayerInput")
parent = NodePath("../..")

[node name="Ragdoll" type="Node" parent="RewindableStateMachine" node_paths=PackedStringArray("camera_input", "player_input", "parent")]
script = ExtResource("10_gjnd3")
camera_input = NodePath("../../CameraInput")
player_input = NodePath("../../PlayerInput")
parent = NodePath("../..")
metadata/_custom_type_script = "uid://c1xw0v7hky5kl"

[node name="Dead" type="Node" parent="RewindableStateMachine" node_paths=PackedStringArray("camera_input", "player_input", "parent")]
script = ExtResource("13_2hvjq")
camera_input = NodePath("../../CameraInput")
player_input = NodePath("../../PlayerInput")
parent = NodePath("../..")
metadata/_custom_type_script = "uid://c1xw0v7hky5kl"

[node name="Static" type="Node" parent="RewindableStateMachine" node_paths=PackedStringArray("camera_input", "player_input", "parent")]
script = ExtResource("13_h5dd4")
animation_name = "idle aiming"
camera_input = NodePath("../../CameraInput")
player_input = NodePath("../../PlayerInput")
parent = NodePath("../..")
metadata/_custom_type_script = "uid://usyufdtn83hc"

[node name="TickInterpolator" type="Node" parent="." node_paths=PackedStringArray("root")]
script = ExtResource("4_a47yd")
root = NodePath("..")
properties = Array[String]([":velocity", ":transform", "master:transform"])
metadata/_custom_type_script = "uid://dour8fehaaugp"

[node name="MultiplayerSynchronizer" type="MultiplayerSynchronizer" parent="."]
replication_config = SubResource("SceneReplicationConfig_nrabn")

[node name="HealthSystem" parent="." instance=ExtResource("11_2hvjq")]
regen_enabled = true

[node name="HeatSystem" parent="." instance=ExtResource("15_h5dd4")]

[node name="PlayerUi" parent="." node_paths=PackedStringArray("weapons_manager") instance=ExtResource("12_ua4at")]
weapons_manager = NodePath("../RightHandBoneAttachment/WeaponPivot/WeaponPivotFinal/WeaponsManager")

[node name="BodyCollision" type="CollisionShape3D" parent="."]
transform = Transform3D(1, 0, 0, 0, 1, 0, 0, 0, 1, 0, 0.769434, 0)
shape = SubResource("CapsuleShape3D_y8poy")

[node name="HeadCollision" type="CollisionShape3D" parent="."]
transform = Transform3D(1, 0, 0, 0, 1, 0, 0, 0, 1, 0, 1.65716, 0)
shape = SubResource("CapsuleShape3D_2hvjq")

[node name="RightHandBoneAttachment" type="BoneAttachment3D" parent="."]
transform = Transform3D(0.414228, -0.536119, 0.735521, 0.910115, 0.253095, -0.328075, -0.0102693, 0.805307, 0.592769, -0.309768, 1.4609, 0.122158)
bone_name = "RightHand"
bone_idx = 35
use_external_skeleton = true
external_skeleton = NodePath("../master/Armature/GeneralSkeleton")

[node name="WeaponPivot" type="Marker3D" parent="RightHandBoneAttachment"]

[node name="WeaponPivotFinal" type="Marker3D" parent="RightHandBoneAttachment/WeaponPivot"]
transform = Transform3D(-4.37114e-08, 0, 1, 0, 0.999999, 0, -1, 0, -4.37114e-08, 0.35, -0.13, 0.575)

[node name="WeaponsManager" parent="RightHandBoneAttachment/WeaponPivot/WeaponPivotFinal" node_paths=PackedStringArray("player_hud", "player") instance=ExtResource("13_nrabn")]
transform = Transform3D(1, 0, 0, 0, -4.37114e-08, -1, 0, 1, -4.37114e-08, 0.410812, -0.213233, 0.115377)
player_hud = NodePath("../../../../PlayerUi")
player = NodePath("../../../..")

[node name="blasterL" parent="RightHandBoneAttachment/WeaponPivot/WeaponPivotFinal/WeaponsManager/Weapons_Models" index="0"]
transform = Transform3D(-1, 0, -2.53518e-06, 0, 1, 0, 2.53518e-06, 0, -1, 0.117, 1.16, -0.512)

[node name="blasterN" parent="RightHandBoneAttachment/WeaponPivot/WeaponPivotFinal/WeaponsManager/Weapons_Models" index="1"]
transform = Transform3D(-1, 0, 2.53518e-06, 0, 1, 0, -2.53518e-06, 0, -1, 0.193, 1.255, -0.643)

[node name="blasterI" parent="RightHandBoneAttachment/WeaponPivot/WeaponPivotFinal/WeaponsManager/HIDDEN_WEAPONS_MODELS" index="0"]
transform = Transform3D(-1, 0, -2.53518e-06, 0, 1, 0, 2.53518e-06, 0, -1, -0.148, 1.379, -0.398)

[node name="blasterP2" parent="RightHandBoneAttachment/WeaponPivot/WeaponPivotFinal/WeaponsManager/HIDDEN_WEAPONS_MODELS" index="2"]
transform = Transform3D(-0.97237, -0.233408, -0.00407487, 0, 0.0174555, -0.999848, 0.233443, -0.972222, -0.0169732, 0.32, 1.014, -0.35)

[node name="blasterQ2" parent="RightHandBoneAttachment/WeaponPivot/WeaponPivotFinal/WeaponsManager/HIDDEN_WEAPONS_MODELS" index="3"]
transform = Transform3D(-1, 0, 2.53518e-06, 0, 1, 0, -2.53518e-06, 0, -1, 0, 0, 0)

[node name="RootMotionView" type="RootMotionView" parent="."]
animation_path = NodePath("../master/AnimationPlayer")

[editable path="master"]
[editable path="RightHandBoneAttachment/WeaponPivot/WeaponPivotFinal/WeaponsManager"]
